Predicted         Mira  OSARG   RRab    RRc    SRV  clasCep  clasOvertoneCep  contactBinary  detachedBinary   dsct  t2Cep  t2RVTau     All
Actual                                                                                                                                    
Mira             26490    607    126     16   2314     1356               18            256             107    140    851      512   32793
OSARG              577  20081    196     74   2284       25               44            102             296     23    151      147   24000
RRab               202    178  14860   4142    182     6606              879           1668            1980    280   4948       75   36000
RRc                126    102   2562  18438     81     4027             2995           1277            1498    401   4459       34   36000
SRV               4755   3111    218    234  15979     2667             2580            294             496    249   4729      688   36000
clasCep             26      9    125     72     32    13219             1472             28              54    102    832       17   15988
clasOvertoneCep     14      5     16    241     10      521             8919             33              34    125    173        0   10091
contactBinary      417    164   2287   3001    133      202               86          11636            4720    162   1081      111   24000
detachedBinary     149    190    779    802    107      340               78           3989           16856    245    419       46   24000
dsct                73    260    236    702     27     2296             5983            172             407   8875   2332        3   21366
t2Cep               45    115    795    483     58     1083              244            128             210    101   8952      451   12665
t2RVTau             73     80     15     11     79      134               13              8              14      6    390     1036    1859
All              32947  24902  22215  28216  21286    32476            23311          19591           26672  10709  29317     3120  274762
Predicted            Mira     OSARG      RRab       RRc       SRV   clasCep  clasOvertoneCep  contactBinary  detachedBinary      dsct     t2Cep   t2RVTau
Actual                                                                                                                                                   
Mira             0.807794  0.025292  0.003500  0.000444  0.064278  0.084814         0.001784       0.010667        0.004458  0.006552  0.067193  0.275417
OSARG            0.017595  0.836708  0.005444  0.002056  0.063444  0.001564         0.004360       0.004250        0.012333  0.001076  0.011923  0.079075
RRab             0.006160  0.007417  0.412778  0.115056  0.005056  0.413185         0.087107       0.069500        0.082500  0.013105  0.390683  0.040344
RRc              0.003842  0.004250  0.071167  0.512167  0.002250  0.251876         0.296799       0.053208        0.062417  0.018768  0.352073  0.018289
SRV              0.145000  0.129625  0.006056  0.006500  0.443861  0.166813         0.255673       0.012250        0.020667  0.011654  0.373391  0.370091
clasCep          0.000793  0.000375  0.003472  0.002000  0.000889  0.826808         0.145873       0.001167        0.002250  0.004774  0.065693  0.009145
clasOvertoneCep  0.000427  0.000208  0.000444  0.006694  0.000278  0.032587         0.883857       0.001375        0.001417  0.005850  0.013660  0.000000
contactBinary    0.012716  0.006833  0.063528  0.083361  0.003694  0.012634         0.008522       0.484833        0.196667  0.007582  0.085353  0.059710
detachedBinary   0.004544  0.007917  0.021639  0.022278  0.002972  0.021266         0.007730       0.166208        0.702333  0.011467  0.033083  0.024744
dsct             0.002226  0.010833  0.006556  0.019500  0.000750  0.143608         0.592905       0.007167        0.016958  0.415380  0.184129  0.001614
t2Cep            0.001372  0.004792  0.022083  0.013417  0.001611  0.067738         0.024180       0.005333        0.008750  0.004727  0.706830  0.242604
t2RVTau          0.002226  0.003333  0.000417  0.000306  0.002194  0.008381         0.001288       0.000333        0.000583  0.000281  0.030794  0.557289
Predicted                Mira  OSARG   RRab    RRc    SRV  clasCep  clasOvertoneCep  contactBinary  detachedBinary   dsct  t2Cep  t2RVTau     All
Survey Actual                                                                                                                                    
ASASSN Mira              9816     14     69      0     33     1204               12             15              33     54    674       76   12000
       RRab                46     54    776    116     43     6262              815            167              71    172   3474        4   12000
       RRc                 23     33    485    264     12     3833             2789            312             218    267   3764        0   12000
       SRV                762    420     90    144   1191     2005             2518             61             343     57   4358       51   12000
       clasCep              0      2      5      2      4     3604              231              0               3      2     86        0    3939
       clasOvertoneCep      1      0      0      0      0       51             1341              0               1      0      1        0    1395
       dsct                38    239    203    578     10     2079             5923            144             344    185   2257        0   12000
       t2Cep                4      1     27      8     16      735              170              6              13     10   2242       23    3255
       t2RVTau             28      0      7      0     22       95               12              2              11      5    234       28     444
OGLE   Mira              8585     34      4      0    118       13                0              0               0      0     18       21    8793
       OSARG                2  10710      1     31   1098        1               44             23              24     11     55        0   12000
       RRab                 8     16   8544   2064     21      219               37            338              53      5    686        9   12000
       RRc                  0     10    511  10746      5       40              123            210              81      6    268        0   12000
       SRV                132    809      7     26  10864       16               12             13              11     10     81       19   12000
       clasCep             13      4     79     40      5     8480             1218             21              15     36    690       13   10614
       clasOvertoneCep      0      3     10    154      2      251             7382             30               4     19    155        0    8010
       contactBinary        2      9    139    218      6       28               46           8832            2410     14    296        0   12000
       detachedBinary       2     13     64    150     13       23               30           2962            8542     23    177        1   12000
       dsct                 0      3      3      3      0       10               11              1               7   8316     10        0    8364
       t2Cep                0      8    110     65      7       98               32             30               3      8   2808       23    3192
       t2RVTau              6      3      1      0      0        3                0              0               0      0     23      486     522
VVV    Mira              8089    559     53     16   2163      139                6            241              74     86    159      415   12000
       OSARG              575   9371    195     43   1186       24                0             79             272     12     96      147   12000
       RRab               148    108   5540   1962    118      125               27           1163            1856    103    788       62   12000
       RRc                103     59   1566   7428     64      154               83            755            1199    128    427       34   12000
       SRV               3861   1882    121     64   3924      646               50            220             142    182    290      618   12000
       clasCep             13      3     41     30     23     1135               23              7              36     64     56        4    1435
       clasOvertoneCep     13      2      6     87      8      219              196              3              29    106     17        0     686
       contactBinary      415    155   2148   2783    127      174               40           2804            2310    148    785      111   12000
       detachedBinary     147    177    715    652     94      317               48           1027            8314    222    242       45   12000
       dsct                35     18     30    121     17      207               49             27              56    374     65        3    1002
       t2Cep               41    106    658    410     35      250               42             92             194     83   3902      405    6218
       t2RVTau             39     77      7     11     57       36                1              6               3      1    133      522     893
All                     32947  24902  22215  28216  21286    32476            23311          19591           26672  10709  29317     3120  274762
******************************
Predicted         Mira  OSARG   RRab    RRc    SRV  clasCep  clasOvertoneCep  contactBinary  detachedBinary   dsct  t2Cep  t2RVTau     All
Actual                                                                                                                                    
Mira             26437    659     49      6   2304      605               52            315              93    135   1717      421   32793
OSARG              531  20582    183    101   1961       15               34            119             272     43     90       69   24000
RRab               179    223  15886   3721    192     6648              951           1692            2075    303   4071       59   36000
RRc                114     80   2663  18643    112     4063             3025           1569            1394    386   3919       32   36000
SRV               4792   3411    172    233  15421     2351             3480            328             392    255   4593      572   36000
clasCep             23     11    172     74     39    13562             1209             59              60    116    649       14   15988
clasOvertoneCep     18      1     38    208      9      373             9184             22              27    111    100        0   10091
contactBinary      358    135   2062   2644    192      125               77          12920            4640    161    620       66   24000
detachedBinary     125    184    771    782    114      253               92           4159           16939    215    321       45   24000
dsct                48    173    391    653     43     2086             6500             87             288   8934   2146       17   21366
t2Cep               51     99    792    472     38      815              281            238             246     99   9057      477   12665
t2RVTau             65     82      9      4     52      106               11             12               8     14    398     1098    1859
All              32741  25640  23188  27541  20477    31002            24896          21520           26434  10772  27681     2870  274762
Predicted            Mira     OSARG      RRab       RRc       SRV   clasCep  clasOvertoneCep  contactBinary  detachedBinary      dsct     t2Cep   t2RVTau
Actual                                                                                                                                                   
Mira             0.806178  0.027458  0.001361  0.000167  0.064000  0.037841         0.005153       0.013125        0.003875  0.006318  0.135570  0.226466
OSARG            0.016192  0.857583  0.005083  0.002806  0.054472  0.000938         0.003369       0.004958        0.011333  0.002013  0.007106  0.037117
RRab             0.005458  0.009292  0.441278  0.103361  0.005333  0.415812         0.094242       0.070500        0.086458  0.014181  0.321437  0.031737
RRc              0.003476  0.003333  0.073972  0.517861  0.003111  0.254128         0.299772       0.065375        0.058083  0.018066  0.309435  0.017214
SRV              0.146129  0.142125  0.004778  0.006472  0.428361  0.147048         0.344862       0.013667        0.016333  0.011935  0.362653  0.307692
clasCep          0.000701  0.000458  0.004778  0.002056  0.001083  0.848261         0.119810       0.002458        0.002500  0.005429  0.051244  0.007531
clasOvertoneCep  0.000549  0.000042  0.001056  0.005778  0.000250  0.023330         0.910118       0.000917        0.001125  0.005195  0.007896  0.000000
contactBinary    0.010917  0.005625  0.057278  0.073444  0.005333  0.007818         0.007631       0.538333        0.193333  0.007535  0.048954  0.035503
detachedBinary   0.003812  0.007667  0.021417  0.021722  0.003167  0.015824         0.009117       0.173292        0.705792  0.010063  0.025345  0.024207
dsct             0.001464  0.007208  0.010861  0.018139  0.001194  0.130473         0.644138       0.003625        0.012000  0.418141  0.169443  0.009145
t2Cep            0.001555  0.004125  0.022000  0.013111  0.001056  0.050976         0.027847       0.009917        0.010250  0.004634  0.715120  0.256590
t2RVTau          0.001982  0.003417  0.000250  0.000111  0.001444  0.006630         0.001090       0.000500        0.000333  0.000655  0.031425  0.590640
Predicted                Mira  OSARG   RRab    RRc    SRV  clasCep  clasOvertoneCep  contactBinary  detachedBinary   dsct  t2Cep  t2RVTau     All
Survey Actual                                                                                                                                    
ASASSN Mira              9500      3     25      0     22      535               30             18              15     54   1631      167   12000
       RRab                37     81    951     70     87     6447              881            113              56    157   3108       12   12000
       RRc                 22     30    669    230     35     3951             2844            254             169    258   3531        7   12000
       SRV                568    185     86    137   1014     1931             3384             34             237     55   4310       59   12000
       clasCep              0      0      4      2      3     3683              202              0               0      0     45        0    3939
       clasOvertoneCep      0      0      0      0      0       20             1369              0               0      0      6        0    1395
       dsct                21    151    337    549     22     1982             6399             61             228    126   2123        1   12000
       t2Cep                8      1     31      8      6      636              195              8              10      8   2331       13    3255
       t2RVTau             32      4      0      0     11       90                9              3               6      0    249       40     444
OGLE   Mira              8596     41      1      2    112        3                1              2               0      2     16       17    8793
       OSARG                6  10810      5     63    961        2               34             24              30     35     27        3   12000
       RRab                 1     26   9131   1721     17      144               35            246              53     31    580       15   12000
       RRc                  0     11    783  10653      3       32               89            135              63     24    207        0   12000
       SRV                104   1075      8     42  10608       13               15             11              21      5     82       16   12000
       clasCep              7      5    125     30     18     8820              930             51              24     12    580       12   10614
       clasOvertoneCep      0      1     33    116      0      226             7500             15              10     23     86        0    8010
       contactBinary        2     17    196    217      4       37               41           9042            2186     51    205        2   12000
       detachedBinary       6     26    125    133     18       20               28           2974            8499     45    126        0   12000
       dsct                 0      6      2      3      0        3                3              0               1   8340      6        0    8364
       t2Cep                2     10     91     50     10       67               24             45               7      2   2854       30    3192
       t2RVTau              2      0      0      0      1        1                0              0               0      0     31      487     522
VVV    Mira              8341    615     23      4   2170       67               21            295              78     79     70      237   12000
       OSARG              525   9772    178     38   1000       13                0             95             242      8     63       66   12000
       RRab               141    116   5804   1930     88       57               35           1333            1966    115    383       32   12000
       RRc                 92     39   1211   7760     74       80               92           1180            1162    104    181       25   12000
       SRV               4120   2151     78     54   3799      407               81            283             134    195    201      497   12000
       clasCep             16      6     43     42     18     1059               77              8              36    104     24        2    1435
       clasOvertoneCep     18      0      5     92      9      127              315              7              17     88      8        0     686
       contactBinary      356    118   1866   2427    188       88               36           3878            2454    110    415       64   12000
       detachedBinary     119    158    646    649     96      233               64           1185            8440    170    195       45   12000
       dsct                27     16     52    101     21      101               98             26              59    468     17       16    1002
       t2Cep               41     88    670    414     22      112               62            185             229     89   3872      434    6218
       t2RVTau             31     78      9      4     40       15                2              9               2     14    118      571     893
All                     32741  25640  23188  27541  20477    31002            24896          21520           26434  10772  27681     2870  274762
******************************
Predicted         Mira  OSARG   RRab    RRc    SRV  clasCep  clasOvertoneCep  contactBinary  detachedBinary  dsct  t2Cep  t2RVTau     All
Actual                                                                                                                                   
Mira             27436    554     90     19   2140      639               20            236              55    82    985      537   32793
OSARG              599  20255    181     96   2303       24               31            116             239    30     75       51   24000
RRab               226    216  16189   3957    211     6423              662           1449            1655   169   4784       59   36000
RRc                159     95   3054  18950     66     4292             2345           1322            1271   206   4198       42   36000
SRV               5337   2952    257    317  15568     2592             2589            267             416   173   4953      579   36000
clasCep             18      6    150     76     32    13851             1113             39              30    70    594        9   15988
clasOvertoneCep     13      3     18    204      8      473             9166             14              22    48    120        2   10091
contactBinary      455    110   2573   3033    150      183               85          13297            3208    82    773       51   24000
detachedBinary     160    148   1105    940    119      336               98           5058           15530   121    350       35   24000
dsct                64    294    510    867     44     2341             5395            125             423  8846   2440       17   21366
t2Cep               71     90    744    495     67      756              218            215             159    59   9313      478   12665
t2RVTau             78     51      8      5     82      131                9             22               8     8    338     1119    1859
All              34616  24774  24879  28959  20790    32041            21731          22160           23016  9894  28923     2979  274762
Predicted            Mira     OSARG      RRab       RRc       SRV   clasCep  clasOvertoneCep  contactBinary  detachedBinary      dsct     t2Cep   t2RVTau
Actual                                                                                                                                                   
Mira             0.836642  0.023083  0.002500  0.000528  0.059444  0.039967         0.001982       0.009833        0.002292  0.003838  0.077773  0.288865
OSARG            0.018266  0.843958  0.005028  0.002667  0.063972  0.001501         0.003072       0.004833        0.009958  0.001404  0.005922  0.027434
RRab             0.006892  0.009000  0.449694  0.109917  0.005861  0.401739         0.065603       0.060375        0.068958  0.007910  0.377734  0.031737
RRc              0.004849  0.003958  0.084833  0.526389  0.001833  0.268451         0.232385       0.055083        0.052958  0.009641  0.331465  0.022593
SRV              0.162748  0.123000  0.007139  0.008806  0.432444  0.162122         0.256565       0.011125        0.017333  0.008097  0.391078  0.311458
clasCep          0.000549  0.000250  0.004167  0.002111  0.000889  0.866337         0.110296       0.001625        0.001250  0.003276  0.046901  0.004841
clasOvertoneCep  0.000396  0.000125  0.000500  0.005667  0.000222  0.029585         0.908334       0.000583        0.000917  0.002247  0.009475  0.001076
contactBinary    0.013875  0.004583  0.071472  0.084250  0.004167  0.011446         0.008423       0.554042        0.133667  0.003838  0.061034  0.027434
detachedBinary   0.004879  0.006167  0.030694  0.026111  0.003306  0.021016         0.009712       0.210750        0.647083  0.005663  0.027635  0.018827
dsct             0.001952  0.012250  0.014167  0.024083  0.001222  0.146422         0.534635       0.005208        0.017625  0.414022  0.192657  0.009145
t2Cep            0.002165  0.003750  0.020667  0.013750  0.001861  0.047285         0.021603       0.008958        0.006625  0.002761  0.735334  0.257127
t2RVTau          0.002379  0.002125  0.000222  0.000139  0.002278  0.008194         0.000892       0.000917        0.000333  0.000374  0.026688  0.601937
Predicted                Mira  OSARG   RRab    RRc    SRV  clasCep  clasOvertoneCep  contactBinary  detachedBinary  dsct  t2Cep  t2RVTau     All
Survey Actual                                                                                                                                   
ASASSN Mira             10143      4     46      0     25      526                7              2               1    14    918      314   12000
       RRab                45     69   1116    129     88     6123              600             62              37    68   3642       21   12000
       RRc                 27     30    913    392     13     4131             2179            233             144   114   3815        9   12000
       SRV                705    274    150    196    961     1939             2529             27             304    47   4732      136   12000
       clasCep              3      0      6      0      4     3747              129              0               0     1     49        0    3939
       clasOvertoneCep      0      0      0      0      0       52             1339              0               0     0      4        0    1395
       dsct                34    271    463    756     24     2123             5327            106             376   128   2388        4   12000
       t2Cep                9      0     37     10      9      544              142              9               9     2   2459       25    3255
       t2RVTau             35      3      0      0     12      105                9              3               4     3    222       48     444
OGLE   Mira              8664     34      0      2     54        4                0              0               0     1      9       25    8793
       OSARG               10  10646      5     45   1148        3               30             20              34    21     37        1   12000
       RRab                 2     33   8834   1884     20      183               31            257              30     6    708       12   12000
       RRc                  0     16    672  10756      5       44               82            177              35     2    211        0   12000
       SRV                167    850     11     29  10796       22               23              4               7     8     70       13   12000
       clasCep              3      2     88     35      6     8959              932             30               6    20    525        8   10614
       clasOvertoneCep      0      1     16    108      4      235             7520             11               6     2    107        0    8010
       contactBinary        1     10    206    399      1       50               48           9866            1109     6    300        4   12000
       detachedBinary       3     21    119    220     19       23               36           3835            7548     8    165        3   12000
       dsct                 0      2      1      3      0        7                5              0               5  8334      7        0    8364
       t2Cep                3      4     46     50      1       64               20             35               3     0   2942       24    3192
       t2RVTau              0      0      0      0      4        0                0              3               0     0     11      504     522
VVV    Mira              8629    516     44     17   2061      109               13            234              54    67     58      198   12000
       OSARG              589   9609    176     51   1155       21                1             96             205     9     38       50   12000
       RRab               179    114   6239   1944    103      117               31           1130            1588    95    434       26   12000
       RRc                132     49   1469   7802     48      117               84            912            1092    90    172       33   12000
       SRV               4465   1828     96     92   3811      631               37            236             105   118    151      430   12000
       clasCep             12      4     56     41     22     1145               52              9              24    49     20        1    1435
       clasOvertoneCep     13      2      2     96      4      186              307              3              16    46      9        2     686
       contactBinary      454    100   2367   2634    149      133               37           3431            2099    76    473       47   12000
       detachedBinary     157    127    986    720    100      313               62           1223            7982   113    185       32   12000
       dsct                30     21     46    108     20      211               63             19              42   384     45       13    1002
       t2Cep               59     86    661    435     57      148               56            171             147    57   3912      429    6218
       t2RVTau             43     48      8      5     66       26                0             16               4     5    105      567     893
All                     34616  24774  24879  28959  20790    32041            21731          22160           23016  9894  28923     2979  274762
******************************
Predicted         Mira  OSARG   RRab    RRc    SRV  clasCep  clasOvertoneCep  contactBinary  detachedBinary   dsct  t2Cep  t2RVTau     All
Actual                                                                                                                                    
Mira             27547    497     96     35   2032      564               27            215             108    102    901      669   32793
OSARG              729  19298    219    106   2760       24               65            138             353     41    186       81   24000
RRab               208    121  15240   4434    172     7376              824           1620            1818    206   3925       56   36000
RRc                137     37   2590  18821     55     4915             3050           1324            1377    215   3431       48   36000
SRV               5526   2122    206    406  15056     2248             3960            266             327    208   4946      729   36000
clasCep             28     11    148     91     27    13512             1401             49              71    117    511       22   15988
clasOvertoneCep     12      7     21    257     20      567             8956             12              49    101     89        0   10091
contactBinary      439     95   2323   3073    119      182               94          13010            3651    133    802       79   24000
detachedBinary     100    114    829    809    121      351              107           4730           16256    222    320       41   24000
dsct                51     50    362    727     51     2684             6821            105             211   8739   1541       24   21366
t2Cep               45    100    889    557     47     1078              275            185             206    105   8609      569   12665
t2RVTau             54     66     18      8     68      111               19              6              18     13    405     1073    1859
All              34876  22518  22941  29324  20528    33612            25599          21660           24445  10202  25666     3391  274762
Predicted            Mira     OSARG      RRab       RRc       SRV   clasCep  clasOvertoneCep  contactBinary  detachedBinary      dsct     t2Cep   t2RVTau
Actual                                                                                                                                                   
Mira             0.840027  0.020708  0.002667  0.000972  0.056444  0.035276         0.002676       0.008958        0.004500  0.004774  0.071141  0.359871
OSARG            0.022230  0.804083  0.006083  0.002944  0.076667  0.001501         0.006441       0.005750        0.014708  0.001919  0.014686  0.043572
RRab             0.006343  0.005042  0.423333  0.123167  0.004778  0.461346         0.081657       0.067500        0.075750  0.009641  0.309909  0.030124
RRc              0.004178  0.001542  0.071944  0.522806  0.001528  0.307418         0.302250       0.055167        0.057375  0.010063  0.270904  0.025820
SRV              0.168512  0.088417  0.005722  0.011278  0.418222  0.140605         0.392429       0.011083        0.013625  0.009735  0.390525  0.392146
clasCep          0.000854  0.000458  0.004111  0.002528  0.000750  0.845134         0.138837       0.002042        0.002958  0.005476  0.040347  0.011834
clasOvertoneCep  0.000366  0.000292  0.000583  0.007139  0.000556  0.035464         0.887524       0.000500        0.002042  0.004727  0.007027  0.000000
contactBinary    0.013387  0.003958  0.064528  0.085361  0.003306  0.011384         0.009315       0.542083        0.152125  0.006225  0.063324  0.042496
detachedBinary   0.003049  0.004750  0.023028  0.022472  0.003361  0.021954         0.010604       0.197083        0.677333  0.010390  0.025266  0.022055
dsct             0.001555  0.002083  0.010056  0.020194  0.001417  0.167876         0.675949       0.004375        0.008792  0.409014  0.121674  0.012910
t2Cep            0.001372  0.004167  0.024694  0.015472  0.001306  0.067426         0.027252       0.007708        0.008583  0.004914  0.679747  0.306079
t2RVTau          0.001647  0.002750  0.000500  0.000222  0.001889  0.006943         0.001883       0.000250        0.000750  0.000608  0.031978  0.577192
Predicted                Mira  OSARG   RRab    RRc    SRV  clasCep  clasOvertoneCep  contactBinary  detachedBinary   dsct  t2Cep  t2RVTau     All
Survey Actual                                                                                                                                    
ASASSN Mira             10257      1     51      0     43      444               11              4               4     38    827      320   12000
       RRab                40     25    897     77     79     7107              748             83              30     79   2823       12   12000
       RRc                 22      9    634    301      8     4745             2870            237              86     81   3001        6   12000
       SRV                715     13    108    263    433     1647             3858             34             155     61   4604      109   12000
       clasCep              2      0      5      2      0     3632              241              0               0      0     56        1    3939
       clasOvertoneCep      0      0      0      0      0       69             1326              0               0      0      0        0    1395
       dsct                17     31    312    581     25     2492             6706             75             148    116   1481       16   12000
       t2Cep                4      0     49      9      3      765              182              0               6      4   2213       20    3255
       t2RVTau             25      0      2      0      0       86               17              2               7      0    245       60     444
OGLE   Mira              8629     18      4      2    120        9                0              0               0      0      4        7    8793
       OSARG                7  10144      3     54   1585       10               65             13              37     34     48        0   12000
       RRab                 5      6   8708   2216     11      190               48            245              31      4    524       12   12000
       RRc                  0      2    508  10967      0       42              121            182              39      4    134        1   12000
       SRV                168    427     13     36  11116       24               28             14              18     12    129       15   12000
       clasCep              6      4    107     43     10     8785             1110             39              34     36    425       15   10614
       clasOvertoneCep      0      5     14    163      9      294             7409              9              19     14     74        0    8010
       contactBinary        1      1    181    362      1       53               64           9819            1281      6    229        2   12000
       detachedBinary       4      4     89    213     13       36               64           3685            7739      3    143        7   12000
       dsct                 0      1     11     12      0        5               16              6               5   8306      2        0    8364
       t2Cep                0      7    153    119      2      106               53             38               4      2   2653       55    3192
       t2RVTau              1      3      0      0      2        0                0              0               0      0     28      488     522
VVV    Mira              8661    478     41     33   1869      111               16            211             104     64     70      342   12000
       OSARG              722   9154    216     52   1175       14                0            125             316      7    138       81   12000
       RRab               163     90   5635   2141     82       79               28           1292            1757    123    578       32   12000
       RRc                115     26   1448   7553     47      128               59            905            1252    130    296       41   12000
       SRV               4643   1682     85    107   3507      577               74            218             154    135    213      605   12000
       clasCep             20      7     36     46     17     1095               50             10              37     81     30        6    1435
       clasOvertoneCep     12      2      7     94     11      204              221              3              30     87     15        0     686
       contactBinary      438     94   2142   2711    118      129               30           3191            2370    127    573       77   12000
       detachedBinary      96    110    740    596    108      315               43           1045            8517    219    177       34   12000
       dsct                34     18     39    134     26      187               99             24              58    317     58        8    1002
       t2Cep               41     93    687    429     42      207               40            147             196     99   3743      494    6218
       t2RVTau             28     63     16      8     66       25                2              4              11     13    132      525     893
All                     34876  22518  22941  29324  20528    33612            25599          21660           24445  10202  25666     3391  274762
******************************
Predicted         Mira  OSARG   RRab    RRc    SRV  clasCep  clasOvertoneCep  contactBinary  detachedBinary   dsct  t2Cep  t2RVTau     All
Actual                                                                                                                                    
Mira             25028    646     48     28   2292      764               96            536              68    137   2617      533   32793
OSARG              655  20086    153    124   2274       35               56            160             242     33    103       79   24000
RRab               178    199  15390   3965    210     7789              730           2129            1729    225   3382       74   36000
RRc                117     75   2589  18370     64     5218             2918           1578            1568    362   3092       49   36000
SRV               4781   2934    280    352  15023     2577             3859            377             428    292   4456      641   36000
clasCep             19     16    194    104     45    13718             1126             77              36     84    534       35   15988
clasOvertoneCep     22      2     29    233      1      558             8968             31              44     81    121        1   10091
contactBinary      418    122   1946   3129    126      174               66          12675            4417    136    689      102   24000
detachedBinary     161    182    824    925    102      316              111           4221           16678    158    256       66   24000
dsct                42    148    358    466     31     3036             6377            127             395   8738   1632       16   21366
t2Cep               57    132    828    557     59     1138              250            305             193    103   8458      585   12665
t2RVTau             78     83     10     11     54      162               14             12              18     11    296     1110    1859
All              31556  24625  22649  28264  20281    35485            24571          22228           25816  10360  25636     3291  274762
Predicted            Mira     OSARG      RRab       RRc       SRV   clasCep  clasOvertoneCep  contactBinary  detachedBinary      dsct     t2Cep   t2RVTau
Actual                                                                                                                                                   
Mira             0.763212  0.026917  0.001333  0.000778  0.063667  0.047786         0.009513       0.022333        0.002833  0.006412  0.206632  0.286713
OSARG            0.019974  0.836917  0.004250  0.003444  0.063167  0.002189         0.005549       0.006667        0.010083  0.001545  0.008133  0.042496
RRab             0.005428  0.008292  0.427500  0.110139  0.005833  0.487178         0.072342       0.088708        0.072042  0.010531  0.267035  0.039806
RRc              0.003568  0.003125  0.071917  0.510278  0.001778  0.326370         0.289169       0.065750        0.065333  0.016943  0.244137  0.026358
SRV              0.145793  0.122250  0.007778  0.009778  0.417306  0.161183         0.382420       0.015708        0.017833  0.013667  0.351836  0.344809
clasCep          0.000579  0.000667  0.005389  0.002889  0.001250  0.858019         0.111585       0.003208        0.001500  0.003931  0.042163  0.018827
clasOvertoneCep  0.000671  0.000083  0.000806  0.006472  0.000028  0.034901         0.888713       0.001292        0.001833  0.003791  0.009554  0.000538
contactBinary    0.012747  0.005083  0.054056  0.086917  0.003500  0.010883         0.006540       0.528125        0.184042  0.006365  0.054402  0.054868
detachedBinary   0.004910  0.007583  0.022889  0.025694  0.002833  0.019765         0.011000       0.175875        0.694917  0.007395  0.020213  0.035503
dsct             0.001281  0.006167  0.009944  0.012944  0.000861  0.189892         0.631949       0.005292        0.016458  0.408968  0.128859  0.008607
t2Cep            0.001738  0.005500  0.023000  0.015472  0.001639  0.071178         0.024775       0.012708        0.008042  0.004821  0.667825  0.314685
t2RVTau          0.002379  0.003458  0.000278  0.000306  0.001500  0.010133         0.001387       0.000500        0.000750  0.000515  0.023371  0.597095
Predicted                Mira  OSARG   RRab    RRc    SRV  clasCep  clasOvertoneCep  contactBinary  detachedBinary   dsct  t2Cep  t2RVTau     All
Survey Actual                                                                                                                                    
ASASSN Mira              8239     14     18      2     63      657               74             61              16     66   2531      259   12000
       RRab                18     68    829     44     88     7514              675             59              51    136   2501       17   12000
       RRc                 10     25    604    165     12     5059             2739            199             193    220   2764       10   12000
       SRV                523     72    213    204    525     2000             3735             37             285     61   4233      112   12000
       clasCep              0      1      6      0      2     3704              173              0               0      0     50        3    3939
       clasOvertoneCep      0      0      0      0      0       62             1329              0               0      0      4        0    1395
       dsct                10    123    296    333     17     2789             6263             90             347    120   1603        9   12000
       t2Cep                2      2     34      7      8      849              181              1              17      3   2138       13    3255
       t2RVTau             23      3      0      0      3      133               13              2              14      5    206       42     444
OGLE   Mira              8597     28      1      0    132        1                0              1               0      5     16       12    8793
       OSARG               11  10641      0     53   1134       13               56             17              18     26     31        0   12000
       RRab                12     23   9250   1535     32      205               30            344              49      9    488       23   12000
       RRc                  0      7    795  10505      4       29              109            294              63      5    189        0   12000
       SRV                116    932      7     35  10744       17               22             17              13      9     70       18   12000
       clasCep              4      6    111     54     17     8920              909             60               9     27    470       27   10614
       clasOvertoneCep      0      0     24    140      1      265             7429             18              15      9    109        0    8010
       contactBinary        6     12    142    208      2       58               29           9076            2220      4    237        6   12000
       detachedBinary       6     16     93    141      9       26               28           2808            8722     11    132        8   12000
       dsct                 0      5      9      0      0       10                8              0               2   8326      4        0    8364
       t2Cep                3      5     80     78      4      100               24             55               3      7   2797       36    3192
       t2RVTau              8      0      0      0      2        0                0              0               0      0     21      491     522
VVV    Mira              8192    604     29     26   2097      106               22            474              52     66     70      262   12000
       OSARG              644   9445    153     71   1140       22                0            143             224      7     72       79   12000
       RRab               148    108   5311   2386     90       70               25           1726            1629     80    393       34   12000
       RRc                107     43   1190   7700     48      130               70           1085            1312    137    139       39   12000
       SRV               4142   1930     60    113   3754      560              102            323             130    222    153      511   12000
       clasCep             15      9     77     50     26     1094               44             17              27     57     14        5    1435
       clasOvertoneCep     22      2      5     93      0      231              210             13              29     72      8        1     686
       contactBinary      412    110   1804   2921    124      116               37           3599            2197    132    452       96   12000
       detachedBinary     155    166    731    784     93      290               83           1413            7956    147    124       58   12000
       dsct                32     20     53    133     14      237              106             37              46    292     25        7    1002
       t2Cep               52    125    714    472     47      189               45            249             173     93   3523      536    6218
       t2RVTau             47     80     10     11     49       29                1             10               4      6     69      577     893
All                     31556  24625  22649  28264  20281    35485            24571          22228           25816  10360  25636     3291  274762
******************************
