Predicted         Mira  OSARG   RRab    RRc    SRV  clasCep  clasOvertoneCep  contactBinary  detachedBinary   dsct  t2Cep  t2RVTau     All
Actual                                                                                                                                    
Mira             18751     13     19      1     52      196               22            511             101    111    136      880   20793
OSARG             5112  10808     69      6   1065      183               41            776             867    209    976     3888   24000
RRab               206     13   9416   1771      3      388              176           5787            2484    359   3251      146   24000
RRc                136     14    513  10971      6      394              736           6667            1597    945   1932       89   24000
SRV               7992    833     50      5  10866      782              145            530             264    235    339     1959   24000
clasCep             42      2     94     28      2     9997             1016            104              53     73    554       45   12010
clasOvertoneCep     19      1      5     89      2      433             7752            105              49     98    130        3    8686
contactBinary      390      6    157    275      0      290              111          16760            4202    247   1429      133   24000
detachedBinary     231     35    105    139     27      397               70           5234           16973    269    401      119   24000
dsct                41      7      6      0      0      227               71             90              68   8754     61       22    9347
t2Cep               38      2     58     59      2      280               89            540             226     90   7357      667    9408
t2RVTau             33      0      0      0      0       21                0             23               4      8    114     1239    1442
All              32991  11734  10492  13344  12025    13588            10229          37127           26888  11398  16680     9190  205686
Predicted            Mira     OSARG      RRab       RRc       SRV   clasCep  clasOvertoneCep  contactBinary  detachedBinary      dsct     t2Cep   t2RVTau
Actual                                                                                                                                                   
Mira             0.901794  0.000542  0.000792  0.000042  0.002167  0.016320         0.002533       0.021292        0.004208  0.011875  0.014456  0.610264
OSARG            0.245852  0.450333  0.002875  0.000250  0.044375  0.015237         0.004720       0.032333        0.036125  0.022360  0.103741  2.696255
RRab             0.009907  0.000542  0.392333  0.073792  0.000125  0.032306         0.020262       0.241125        0.103500  0.038408  0.345557  0.101248
RRc              0.006541  0.000583  0.021375  0.457125  0.000250  0.032806         0.084734       0.277792        0.066542  0.101102  0.205357  0.061720
SRV              0.384360  0.034708  0.002083  0.000208  0.452750  0.065112         0.016694       0.022083        0.011000  0.025142  0.036033  1.358530
clasCep          0.002020  0.000083  0.003917  0.001167  0.000083  0.832390         0.116970       0.004333        0.002208  0.007810  0.058886  0.031207
clasOvertoneCep  0.000914  0.000042  0.000208  0.003708  0.000083  0.036053         0.892471       0.004375        0.002042  0.010485  0.013818  0.002080
contactBinary    0.018756  0.000250  0.006542  0.011458  0.000000  0.024147         0.012779       0.698333        0.175083  0.026426  0.151892  0.092233
detachedBinary   0.011110  0.001458  0.004375  0.005792  0.001125  0.033056         0.008059       0.218083        0.707208  0.028779  0.042623  0.082524
dsct             0.001972  0.000292  0.000250  0.000000  0.000000  0.018901         0.008174       0.003750        0.002833  0.936557  0.006484  0.015257
t2Cep            0.001828  0.000083  0.002417  0.002458  0.000083  0.023314         0.010246       0.022500        0.009417  0.009629  0.781994  0.462552
t2RVTau          0.001587  0.000000  0.000000  0.000000  0.000000  0.001749         0.000000       0.000958        0.000167  0.000856  0.012117  0.859223
Predicted                Mira  OSARG   RRab    RRc    SRV  clasCep  clasOvertoneCep  contactBinary  detachedBinary   dsct  t2Cep  t2RVTau     All
Survey Actual                                                                                                                                    
OGLE   Mira              8695     13      6      1     52        5                0              0               0      0      5       16    8793
       OSARG               11  10808      0      6   1065        2               38             25              12     22     10        1   12000
       RRab                 6      7   9413   1765      3      127               17            167              49     19    388       39   12000
       RRc                  2     11    511  10969      2       29               75            141              38      7    214        1   12000
       SRV                192    833      5      5  10866       11               15             18               8      4     33       10   12000
       clasCep             14      2     94     28      2     8824              996             80              17     24    499       34   10614
       clasOvertoneCep      2      1      5     89      2      220             7507             51              14     14    103        2    8010
       contactBinary        6      4    154    268      0       43               18           9544            1713     19    229        2   12000
       detachedBinary      19     33     99    136     26       19               20           3074            8419     47    100        8   12000
       dsct                 0      7      6      0      0        4                2              0               5   8337      1        2    8364
       t2Cep                4      2     58     59      2       52               36             27               0      0   2931       21    3192
       t2RVTau              4      0      0      0      0        0                0              0               0      0      9      509     522
VVV    Mira             10056      0     13      0      0      191               22            511             101    111    131      864   12000
       OSARG             5101      0     69      0      0      181                3            751             855    187    966     3887   12000
       RRab               200      6      3      6      0      261              159           5620            2435    340   2863      107   12000
       RRc                134      3      2      2      4      365              661           6526            1559    938   1718       88   12000
       SRV               7800      0     45      0      0      771              130            512             256    231    306     1949   12000
       clasCep             28      0      0      0      0     1173               20             24              36     49     55       11    1396
       clasOvertoneCep     17      0      0      0      0      213              245             54              35     84     27        1     676
       contactBinary      384      2      3      7      0      247               93           7216            2489    228   1200      131   12000
       detachedBinary     212      2      6      3      1      378               50           2160            8554    222    301      111   12000
       dsct                41      0      0      0      0      223               69             90              63    417     60       20     983
       t2Cep               34      0      0      0      0      228               53            513             226     90   4426      646    6216
       t2RVTau             29      0      0      0      0       21                0             23               4      8    105      730     920
All                     32991  11734  10492  13344  12025    13588            10229          37127           26888  11398  16680     9190  205686
******************************
Predicted         Mira  OSARG   RRab    RRc    SRV  clasCep  clasOvertoneCep  contactBinary  detachedBinary   dsct  t2Cep  t2RVTau     All
Actual                                                                                                                                    
Mira             18723      9     10      1     64      192               29            625             162    125     97      756   20793
OSARG             4852  10874     27     12   1010      212               44            610             954    413    806     4186   24000
RRab               195      6   9653   1504      4      391              214           5978            2444    444   3033      134   24000
RRc                122      9    641  10933      7      338              575           6900            1519   1433   1448       75   24000
SRV               7881   1020     48     10  10721      852               88            614             326    254    355     1831   24000
clasCep             31      0     58     34      5    10167              985             64              75     81    457       53   12010
clasOvertoneCep      9      2      1     81      1      395             7914             75              49     92     66        1    8686
contactBinary      284      6    161    290      3      279              150          17223            4055    241   1168      140   24000
detachedBinary     174     24    106    149     18      393               72           5413           16985    252    330       84   24000
dsct                26      4      6      0      0      193               61             87              74   8840     33       23    9347
t2Cep               51      0     43     26      1      294               81            567             235    141   7313      656    9408
t2RVTau             51      0      0      0      0       16                3             23               9     11    104     1225    1442
All              32399  11954  10754  13040  11834    13722            10216          38179           26887  12327  15210     9164  205686
Predicted            Mira     OSARG      RRab       RRc       SRV   clasCep  clasOvertoneCep  contactBinary  detachedBinary      dsct     t2Cep   t2RVTau
Actual                                                                                                                                                   
Mira             0.900447  0.000375  0.000417  0.000042  0.002667  0.015987         0.003339       0.026042        0.006750  0.013373  0.010310  0.524272
OSARG            0.233348  0.453083  0.001125  0.000500  0.042083  0.017652         0.005066       0.025417        0.039750  0.044185  0.085672  2.902913
RRab             0.009378  0.000250  0.402208  0.062667  0.000167  0.032556         0.024637       0.249083        0.101833  0.047502  0.322385  0.092926
RRc              0.005867  0.000375  0.026708  0.455542  0.000292  0.028143         0.066198       0.287500        0.063292  0.153311  0.153912  0.052011
SRV              0.379022  0.042500  0.002000  0.000417  0.446708  0.070941         0.010131       0.025583        0.013583  0.027174  0.037734  1.269764
clasCep          0.001491  0.000000  0.002417  0.001417  0.000208  0.846545         0.113401       0.002667        0.003125  0.008666  0.048576  0.036755
clasOvertoneCep  0.000433  0.000083  0.000042  0.003375  0.000042  0.032889         0.911121       0.003125        0.002042  0.009843  0.007015  0.000693
contactBinary    0.013658  0.000250  0.006708  0.012083  0.000125  0.023231         0.017269       0.717625        0.168958  0.025784  0.124150  0.097087
detachedBinary   0.008368  0.001000  0.004417  0.006208  0.000750  0.032723         0.008289       0.225542        0.707708  0.026961  0.035077  0.058252
dsct             0.001250  0.000167  0.000250  0.000000  0.000000  0.016070         0.007023       0.003625        0.003083  0.945758  0.003508  0.015950
t2Cep            0.002453  0.000000  0.001792  0.001083  0.000042  0.024480         0.009325       0.023625        0.009792  0.015085  0.777317  0.454924
t2RVTau          0.002453  0.000000  0.000000  0.000000  0.000000  0.001332         0.000345       0.000958        0.000375  0.001177  0.011054  0.849515
Predicted                Mira  OSARG   RRab    RRc    SRV  clasCep  clasOvertoneCep  contactBinary  detachedBinary   dsct  t2Cep  t2RVTau     All
Survey Actual                                                                                                                                    
OGLE   Mira              8694      9      2      1     64        7                0              2               0      2      2       10    8793
       OSARG                2  10874      2     12   1010        2               40             16              12     26      4        0   12000
       RRab                 6      4   9649   1501      4      105               18            132              24      9    509       39   12000
       RRc                  2      6    639  10929      6       37               78             97              31      6    169        0   12000
       SRV                153   1018      6     10  10721       20               12             19              12      4     17        8   12000
       clasCep              9      0     58     34      5     8988              960             44              33     23    414       46   10614
       clasOvertoneCep      0      2      1     81      1      187             7631             30              11      9     57        0    8010
       contactBinary        2      1    158    289      2       55               28           9774            1402     18    261       10   12000
       detachedBinary      31     22    103    146     18       19               27           3365            8127     25    109        8   12000
       dsct                 0      4      6      0      0       11                6              0               1   8334      2        0    8364
       t2Cep                3      0     43     26      1       62               40             23               4      5   2943       42    3192
       t2RVTau              3      0      0      0      0        0                0              0               0      0      5      514     522
VVV    Mira             10029      0      8      0      0      185               29            623             162    123     95      746   12000
       OSARG             4850      0     25      0      0      210                4            594             942    387    802     4186   12000
       RRab               189      2      4      3      0      286              196           5846            2420    435   2524       95   12000
       RRc                120      3      2      4      1      301              497           6803            1488   1427   1279       75   12000
       SRV               7728      2     42      0      0      832               76            595             314    250    338     1823   12000
       clasCep             22      0      0      0      0     1179               25             20              42     58     43        7    1396
       clasOvertoneCep      9      0      0      0      0      208              283             45              38     83      9        1     676
       contactBinary      282      5      3      1      1      224              122           7449            2653    223    907      130   12000
       detachedBinary     143      2      3      3      0      374               45           2048            8858    227    221       76   12000
       dsct                26      0      0      0      0      182               55             87              73    506     31       23     983
       t2Cep               48      0      0      0      0      232               41            544             231    136   4370      614    6216
       t2RVTau             48      0      0      0      0       16                3             23               9     11     99      711     920
All                     32399  11954  10754  13040  11834    13722            10216          38179           26887  12327  15210     9164  205686
******************************
Predicted         Mira  OSARG   RRab    RRc    SRV  clasCep  clasOvertoneCep  contactBinary  detachedBinary   dsct  t2Cep  t2RVTau     All
Actual                                                                                                                                    
Mira             18909      9     10      4     23      236               29            470             146    176     99      682   20793
OSARG             6112  10829     31      2   1049      125               31            912             669    487    787     2966   24000
RRab               215      6   9305   1832      2      370              187           6779            2390    370   2413      131   24000
RRc                143      6    489  10980      1      326              532           7263            1569   1296   1338       57   24000
SRV               8290    895     42      9  10754      786              162            566             251    378    302     1565   24000
clasCep             36      2     86     27      0    10295              736             90              64    103    552       19   12010
clasOvertoneCep     13      3      4     82      3      465             7714             99              50    118    133        2    8686
contactBinary      340     10    111    290      0      264              113          17141            4386    285    944      116   24000
detachedBinary     202     30     69    141     26      367               69           5458           17008    290    272       68   24000
dsct                37      5     12      3      0      172               84             92              65   8835     27       15    9347
t2Cep               84      1     43     31      2      236               62            795             257    134   7197      566    9408
t2RVTau             68      0      0      0      0       22                3             33               0     10    130     1176    1442
All              34449  11796  10202  13401  11860    13664             9722          39698           26855  12482  14194     7363  205686
Predicted            Mira     OSARG      RRab       RRc       SRV   clasCep  clasOvertoneCep  contactBinary  detachedBinary      dsct     t2Cep   t2RVTau
Actual                                                                                                                                                   
Mira             0.909393  0.000375  0.000417  0.000167  0.000958  0.019650         0.003339       0.019583        0.006083  0.018830  0.010523  0.472954
OSARG            0.293945  0.451208  0.001292  0.000083  0.043708  0.010408         0.003569       0.038000        0.027875  0.052102  0.083652  2.056865
RRab             0.010340  0.000250  0.387708  0.076333  0.000083  0.030808         0.021529       0.282458        0.099583  0.039585  0.256484  0.090846
RRc              0.006877  0.000250  0.020375  0.457500  0.000042  0.027144         0.061248       0.302625        0.065375  0.138654  0.142219  0.039528
SRV              0.398692  0.037292  0.001750  0.000375  0.448083  0.065445         0.018651       0.023583        0.010458  0.040441  0.032100  1.085298
clasCep          0.001731  0.000083  0.003583  0.001125  0.000000  0.857202         0.084734       0.003750        0.002667  0.011020  0.058673  0.013176
clasOvertoneCep  0.000625  0.000125  0.000167  0.003417  0.000125  0.038718         0.888096       0.004125        0.002083  0.012624  0.014137  0.001387
contactBinary    0.016352  0.000417  0.004625  0.012083  0.000000  0.021982         0.013009       0.714208        0.182750  0.030491  0.100340  0.080444
detachedBinary   0.009715  0.001250  0.002875  0.005875  0.001083  0.030558         0.007944       0.227417        0.708667  0.031026  0.028912  0.047157
dsct             0.001779  0.000208  0.000500  0.000125  0.000000  0.014321         0.009671       0.003833        0.002708  0.945223  0.002870  0.010402
t2Cep            0.004040  0.000042  0.001792  0.001292  0.000083  0.019650         0.007138       0.033125        0.010708  0.014336  0.764987  0.392510
t2RVTau          0.003270  0.000000  0.000000  0.000000  0.000000  0.001832         0.000345       0.001375        0.000000  0.001070  0.013818  0.815534
Predicted                Mira  OSARG   RRab    RRc    SRV  clasCep  clasOvertoneCep  contactBinary  detachedBinary   dsct  t2Cep  t2RVTau     All
Survey Actual                                                                                                                                    
OGLE   Mira              8711      9      3      4     23        3                0              0               3      2      8       27    8793
       OSARG                3  10828      3      2   1049        3               31             27              10     25     14        5   12000
       RRab                 5      4   9299   1830      2       73               12            238              52     11    438       36   12000
       RRc                  2      5    483  10980      1       43               48            193              70      1    173        1   12000
       SRV                212    894      4      9  10754       39                6             13               6      9     33       21   12000
       clasCep              6      2     86     27      0     9139              720             60              26     17    516       15   10614
       clasOvertoneCep      0      3      4     82      3      285             7430             41              17     21    124        0    8010
       contactBinary        8      8    106    288      0       17               11           9511            1825     13    209        4   12000
       detachedBinary      19     27     66    140     26       13               17           3154            8423     19     92        4   12000
       dsct                 1      5     12      3      0        4                3              2               6   8328      0        0    8364
       t2Cep                7      0     43     27      2       40               20             44               0      0   2964       45    3192
       t2RVTau              1      0      0      0      0        0                0              0               0      0      7      514     522
VVV    Mira             10198      0      7      0      0      233               29            470             143    174     91      655   12000
       OSARG             6109      1     28      0      0      122                0            885             659    462    773     2961   12000
       RRab               210      2      6      2      0      297              175           6541            2338    359   1975       95   12000
       RRc                141      1      6      0      0      283              484           7070            1499   1295   1165       56   12000
       SRV               8078      1     38      0      0      747              156            553             245    369    269     1544   12000
       clasCep             30      0      0      0      0     1156               16             30              38     86     36        4    1396
       clasOvertoneCep     13      0      0      0      0      180              284             58              33     97      9        2     676
       contactBinary      332      2      5      2      0      247              102           7630            2561    272    735      112   12000
       detachedBinary     183      3      3      1      0      354               52           2304            8585    271    180       64   12000
       dsct                36      0      0      0      0      168               81             90              59    507     27       15     983
       t2Cep               77      1      0      4      0      196               42            751             257    134   4233      521    6216
       t2RVTau             67      0      0      0      0       22                3             33               0     10    123      662     920
All                     34449  11796  10202  13401  11860    13664             9722          39698           26855  12482  14194     7363  205686
******************************
Predicted         Mira  OSARG   RRab    RRc    SRV  clasCep  clasOvertoneCep  contactBinary  detachedBinary   dsct  t2Cep  t2RVTau     All
Actual                                                                                                                                    
Mira             19066      9     13      0     44      230               14            394             188    114    160      561   20793
OSARG             5947  10718     47      4   1154      210               41            679             715    157   1534     2794   24000
RRab               204     10   9616   1450      6      424              326           5277            2907    409   3229      142   24000
RRc                145     34    671  10803      9      310             1425           5902            2019   1018   1605       59   24000
SRV               8360    789     48      7  10936      799               60            432             329    325    519     1396   24000
clasCep             27      2     68     30      4    10581              676             49              64     87    400       22   12010
clasOvertoneCep     14      0      8     55      1      392             7937             53              49     85     92        0    8686
contactBinary      334     10    151    240      2      293              223          16616            4525    304   1186      116   24000
detachedBinary     188     37     91    114     36      397              122           4964           17425    197    354       75   24000
dsct                48      3      3      3      0      181               78             31              56   8907     32        5    9347
t2Cep               37      1     21     12      3      229              110            411             225     62   7827      470    9408
t2RVTau             42      0      0      0      0       12                0             17               2      6    130     1233    1442
All              34412  11613  10737  12718  12195    14058            11012          34825           28504  11671  17068     6873  205686
Predicted            Mira     OSARG      RRab       RRc       SRV   clasCep  clasOvertoneCep  contactBinary  detachedBinary      dsct     t2Cep   t2RVTau
Actual                                                                                                                                                   
Mira             0.916943  0.000375  0.000542  0.000000  0.001833  0.019151         0.001612       0.016417        0.007833  0.012196  0.017007  0.389043
OSARG            0.286010  0.446583  0.001958  0.000167  0.048083  0.017485         0.004720       0.028292        0.029792  0.016797  0.163053  1.937587
RRab             0.009811  0.000417  0.400667  0.060417  0.000250  0.035304         0.037532       0.219875        0.121125  0.043757  0.343219  0.098474
RRc              0.006974  0.001417  0.027958  0.450125  0.000375  0.025812         0.164057       0.245917        0.084125  0.108912  0.170599  0.040915
SRV              0.402058  0.032875  0.002000  0.000292  0.455667  0.066528         0.006908       0.018000        0.013708  0.034771  0.055166  0.968100
clasCep          0.001299  0.000083  0.002833  0.001250  0.000167  0.881016         0.077826       0.002042        0.002667  0.009308  0.042517  0.015257
clasOvertoneCep  0.000673  0.000000  0.000333  0.002292  0.000042  0.032639         0.913769       0.002208        0.002042  0.009094  0.009779  0.000000
contactBinary    0.016063  0.000417  0.006292  0.010000  0.000083  0.024396         0.025673       0.692333        0.188542  0.032524  0.126063  0.080444
detachedBinary   0.009042  0.001542  0.003792  0.004750  0.001500  0.033056         0.014046       0.206833        0.726042  0.021076  0.037628  0.052011
dsct             0.002308  0.000125  0.000125  0.000125  0.000000  0.015071         0.008980       0.001292        0.002333  0.952926  0.003401  0.003467
t2Cep            0.001779  0.000042  0.000875  0.000500  0.000125  0.019067         0.012664       0.017125        0.009375  0.006633  0.831952  0.325936
t2RVTau          0.002020  0.000000  0.000000  0.000000  0.000000  0.000999         0.000000       0.000708        0.000083  0.000642  0.013818  0.855062
Predicted                Mira  OSARG   RRab    RRc    SRV  clasCep  clasOvertoneCep  contactBinary  detachedBinary   dsct  t2Cep  t2RVTau     All
Survey Actual                                                                                                                                    
OGLE   Mira              8716      9      0      0     44        3                0              0               0      2      3       16    8793
       OSARG                9  10716      3      4   1154        1               37             16              19     22     17        2   12000
       RRab                12      8   9609   1448      5      111               25            156              60      9    523       34   12000
       RRc                  2     10    665  10799      3       50               77            140              58      2    194        0   12000
       SRV                167    788      2      7  10934       11               11             12               9      8     31       20   12000
       clasCep              2      2     68     30      4     9380              650             30              32     19    375       22   10614
       clasOvertoneCep      0      0      8     55      1      244             7554             33              20     16     79        0    8010
       contactBinary        3      2    142    238      0       50               26           9812            1453      8    264        2   12000
       detachedBinary      21     36     90    112     30       23               30           3341            8194     13    106        4   12000
       dsct                 5      0      3      3      0        3                2              0               3   8345      0        0    8364
       t2Cep                1      0     21     12      0       36               19             22               2      0   3062       17    3192
       t2RVTau              0      0      0      0      0        0                0              0               0      0      2      520     522
VVV    Mira             10350      0     13      0      0      227               14            394             188    112    157      545   12000
       OSARG             5938      2     44      0      0      209                4            663             696    135   1517     2792   12000
       RRab               192      2      7      2      1      313              301           5121            2847    400   2706      108   12000
       RRc                143     24      6      4      6      260             1348           5762            1961   1016   1411       59   12000
       SRV               8193      1     46      0      2      788               49            420             320    317    488     1376   12000
       clasCep             25      0      0      0      0     1201               26             19              32     68     25        0    1396
       clasOvertoneCep     14      0      0      0      0      148              383             20              29     69     13        0     676
       contactBinary      331      8      9      2      2      243              197           6804            3072    296    922      114   12000
       detachedBinary     167      1      1      2      6      374               92           1623            9231    184    248       71   12000
       dsct                43      3      0      0      0      178               76             31              53    562     32        5     983
       t2Cep               36      1      0      0      3      193               91            389             223     62   4765      453    6216
       t2RVTau             42      0      0      0      0       12                0             17               2      6    128      713     920
All                     34412  11613  10737  12718  12195    14058            11012          34825           28504  11671  17068     6873  205686
******************************
Predicted         Mira  OSARG   RRab    RRc    SRV  clasCep  clasOvertoneCep  contactBinary  detachedBinary   dsct  t2Cep  t2RVTau     All
Actual                                                                                                                                    
Mira             18675     11      9      0     55      236               17            554             158    144    130      804   20793
OSARG             4750  10890     29      6    956      201               40            685             930    443   1007     4063   24000
RRab               191     10   9561   1413      4      411              256           5675            2512    336   3435      196   24000
RRc                136     10    764  10633      7      275             1201           6498            1652   1089   1653       82   24000
SRV               7725   1059     29      8  10606      843               99            613             347    309    401     1961   24000
clasCep             47      3     68     23      1    10286              766             89              66     79    536       46   12010
clasOvertoneCep     11      2      3     49      1      401             7879             74              59    102    103        2    8686
contactBinary      322      7    101    142      0      275              157          16967            4363    247   1233      186   24000
detachedBinary     179     25     74     84     32      402              125           5276           17100    258    346       99   24000
dsct                30      4      7      0      0      184               77             95              63   8833     33       21    9347
t2Cep               29      0     36     12      0      248              106            494             246     85   7448      704    9408
t2RVTau             29      0      0      0      0       15                3             12               5      6    111     1261    1442
All              32124  12021  10681  12370  11662    13777            10726          37032           27501  11931  16436     9425  205686
Predicted            Mira     OSARG      RRab       RRc       SRV   clasCep  clasOvertoneCep  contactBinary  detachedBinary      dsct     t2Cep   t2RVTau
Actual                                                                                                                                                   
Mira             0.898139  0.000458  0.000375  0.000000  0.002292  0.019650         0.001957       0.023083        0.006583  0.015406  0.013818  0.557559
OSARG            0.228442  0.453750  0.001208  0.000250  0.039833  0.016736         0.004605       0.028542        0.038750  0.047395  0.107037  2.817614
RRab             0.009186  0.000417  0.398375  0.058875  0.000167  0.034221         0.029473       0.236458        0.104667  0.035947  0.365115  0.135922
RRc              0.006541  0.000417  0.031833  0.443042  0.000292  0.022898         0.138268       0.270750        0.068833  0.116508  0.175702  0.056865
SRV              0.371519  0.044125  0.001208  0.000333  0.441917  0.070192         0.011398       0.025542        0.014458  0.033059  0.042623  1.359917
clasCep          0.002260  0.000125  0.002833  0.000958  0.000042  0.856453         0.088188       0.003708        0.002750  0.008452  0.056973  0.031900
clasOvertoneCep  0.000529  0.000083  0.000125  0.002042  0.000042  0.033389         0.907092       0.003083        0.002458  0.010913  0.010948  0.001387
contactBinary    0.015486  0.000292  0.004208  0.005917  0.000000  0.022898         0.018075       0.706958        0.181792  0.026426  0.131059  0.128988
detachedBinary   0.008609  0.001042  0.003083  0.003500  0.001333  0.033472         0.014391       0.219833        0.712500  0.027602  0.036777  0.068655
dsct             0.001443  0.000167  0.000292  0.000000  0.000000  0.015321         0.008865       0.003958        0.002625  0.945009  0.003508  0.014563
t2Cep            0.001395  0.000000  0.001500  0.000500  0.000000  0.020649         0.012204       0.020583        0.010250  0.009094  0.791667  0.488211
t2RVTau          0.001395  0.000000  0.000000  0.000000  0.000000  0.001249         0.000345       0.000500        0.000208  0.000642  0.011798  0.874480
Predicted                Mira  OSARG   RRab    RRc    SRV  clasCep  clasOvertoneCep  contactBinary  detachedBinary   dsct  t2Cep  t2RVTau     All
Survey Actual                                                                                                                                    
OGLE   Mira              8689     11      1      0     55        4                0              0               1      5      1       26    8793
       OSARG                6  10890      0      6    956        3               39             23              19     42     13        3   12000
       RRab                 8      7   9557   1413      4       94               24            300              49     14    480       50   12000
       RRc                  2     10    762  10630      7       35               88            232              55     12    167        0   12000
       SRV                190   1059      4      8  10604       11               17              8              12     13     41       33   12000
       clasCep             23      3     68     23      1     9143              719             65              33     17    481       38   10614
       clasOvertoneCep      0      2      3     49      1      248             7543             33              23     17     91        0    8010
       contactBinary        6      5     99    141      0       29               29           9658            1790     12    224        7   12000
       detachedBinary      16     24     72     83     31       17               28           3265            8346     20     93        5   12000
       dsct                 0      4      7      0      0        4                1              4              15   8329      0        0    8364
       t2Cep                0      0     36     12      0       41               32             26               6      0   2976       63    3192
       t2RVTau              0      0      0      0      0        0                0              0               0      0     13      509     522
VVV    Mira              9986      0      8      0      0      232               17            554             157    139    129      778   12000
       OSARG             4744      0     29      0      0      198                1            662             911    401    994     4060   12000
       RRab               183      3      4      0      0      317              232           5375            2463    322   2955      146   12000
       RRc                134      0      2      3      0      240             1113           6266            1597   1077   1486       82   12000
       SRV               7535      0     25      0      2      832               82            605             335    296    360     1928   12000
       clasCep             24      0      0      0      0     1143               47             24              33     62     55        8    1396
       clasOvertoneCep     11      0      0      0      0      153              336             41              36     85     12        2     676
       contactBinary      316      2      2      1      0      246              128           7309            2573    235   1009      179   12000
       detachedBinary     163      1      2      1      1      385               97           2011            8754    238    253       94   12000
       dsct                30      0      0      0      0      180               76             91              48    504     33       21     983
       t2Cep               29      0      0      0      0      207               74            468             240     85   4472      641    6216
       t2RVTau             29      0      0      0      0       15                3             12               5      6     98      752     920
All                     32124  12021  10681  12370  11662    13777            10726          37032           27501  11931  16436     9425  205686
******************************
Predicted         Mira  OSARG  RRab    RRc    SRV  clasCep  clasOvertoneCep  contactBinary  detachedBinary   dsct  t2Cep  t2RVTau     All
Actual                                                                                                                                   
Mira             18166      0     8      0     51      137               18            666             175    127    178     1267   20793
OSARG             3803  10568    31     10   1311      105               37            729             696    180   1684     4846   24000
RRab               167     12  8915   1561     16      315              225           5794            2526    399   3868      202   24000
RRc                115     27   609  10722     20      272              769           6344            1771   1339   1920       92   24000
SRV               6994    582    40      4  11116      656               89            697             364    305    479     2674   24000
clasCep             18      0    45     29      0    10288              844             84              46     96    509       51   12010
clasOvertoneCep     13      5     0     54      4      348             7916             88              45    107    101        5    8686
contactBinary      252      8    96    198      9      196              126          17208            4164    285   1260      198   24000
detachedBinary     154     36    70     93     32      335               61           5535           16930    277    350      127   24000
dsct                28      0     5      7      0      174               53             68              67   8856     62       27    9347
t2Cep               31      4    34     22      4      224               71            516             229    142   7513      618    9408
t2RVTau             23      0     0      0      0       13                3             22               0     10    120     1251    1442
All              29764  11242  9853  12700  12563    13063            10212          37751           27013  12123  18044    11358  205686
Predicted            Mira     OSARG      RRab       RRc       SRV   clasCep  clasOvertoneCep  contactBinary  detachedBinary      dsct     t2Cep   t2RVTau
Actual                                                                                                                                                   
Mira             0.873659  0.000000  0.000333  0.000000  0.002125  0.011407         0.002072       0.027750        0.007292  0.013587  0.018920  0.878641
OSARG            0.182898  0.440333  0.001292  0.000417  0.054625  0.008743         0.004260       0.030375        0.029000  0.019258  0.178997  3.360610
RRab             0.008032  0.000500  0.371458  0.065042  0.000667  0.026228         0.025904       0.241417        0.105250  0.042687  0.411139  0.140083
RRc              0.005531  0.001125  0.025375  0.446750  0.000833  0.022648         0.088533       0.264333        0.073792  0.143255  0.204082  0.063800
SRV              0.336363  0.024250  0.001667  0.000167  0.463167  0.054621         0.010246       0.029042        0.015167  0.032631  0.050914  1.854369
clasCep          0.000866  0.000000  0.001875  0.001208  0.000000  0.856619         0.097168       0.003500        0.001917  0.010271  0.054103  0.035368
clasOvertoneCep  0.000625  0.000208  0.000000  0.002250  0.000167  0.028976         0.911352       0.003667        0.001875  0.011448  0.010736  0.003467
contactBinary    0.012119  0.000333  0.004000  0.008250  0.000375  0.016320         0.014506       0.717000        0.173500  0.030491  0.133929  0.137309
detachedBinary   0.007406  0.001500  0.002917  0.003875  0.001333  0.027893         0.007023       0.230625        0.705417  0.029635  0.037202  0.088072
dsct             0.001347  0.000000  0.000208  0.000292  0.000000  0.014488         0.006102       0.002833        0.002792  0.947470  0.006590  0.018724
t2Cep            0.001491  0.000167  0.001417  0.000917  0.000167  0.018651         0.008174       0.021500        0.009542  0.015192  0.798576  0.428571
t2RVTau          0.001106  0.000000  0.000000  0.000000  0.000000  0.001082         0.000345       0.000917        0.000000  0.001070  0.012755  0.867545
Predicted                Mira  OSARG  RRab    RRc    SRV  clasCep  clasOvertoneCep  contactBinary  detachedBinary   dsct  t2Cep  t2RVTau     All
Survey Actual                                                                                                                                   
OGLE   Mira              8720      0     0      0     51        4                0              0               0      0      4       14    8793
       OSARG               10  10568     1     10   1311        0               25             30              13     19     13        0   12000
       RRab                 4      8  8910   1558      6       78               16            397              66     13    900       44   12000
       RRc                  2      9   609  10722     16       35               64            216              60     10    257        0   12000
       SRV                200    582     3      4  11113        6               16             17              12      2     23       22   12000
       clasCep              5      0    45     29      0     9126              814             58              15     27    466       29   10614
       clasOvertoneCep      1      5     0     54      4      189             7607             37              13     15     85        0    8010
       contactBinary        3      1    94    195      6       18               13          10022            1458     17    169        4   12000
       detachedBinary      14     28    68     93     30       16               16           3513            8109     16     90        7   12000
       dsct                 0      0     5      7      0        4                4              4               6   8333      1        0    8364
       t2Cep                3      3    34     22      0       63               34             32               9      3   2951       38    3192
       t2RVTau              2      0     0      0      0        0                0              0               0      0      6      514     522
VVV    Mira              9446      0     8      0      0      133               18            666             175    127    174     1253   12000
       OSARG             3793      0    30      0      0      105               12            699             683    161   1671     4846   12000
       RRab               163      4     5      3     10      237              209           5397            2460    386   2968      158   12000
       RRc                113     18     0      0      4      237              705           6128            1711   1329   1663       92   12000
       SRV               6794      0    37      0      3      650               73            680             352    303    456     2652   12000
       clasCep             13      0     0      0      0     1162               30             26              31     69     43       22    1396
       clasOvertoneCep     12      0     0      0      0      159              309             51              32     92     16        5     676
       contactBinary      249      7     2      3      3      178              113           7186            2706    268   1091      194   12000
       detachedBinary     140      8     2      0      2      319               45           2022            8821    261    260      120   12000
       dsct                28      0     0      0      0      170               49             64              61    523     61       27     983
       t2Cep               28      1     0      0      4      161               37            484             220    139   4562      580    6216
       t2RVTau             21      0     0      0      0       13                3             22               0     10    114      737     920
All                     29764  11242  9853  12700  12563    13063            10212          37751           27013  12123  18044    11358  205686
******************************
Predicted         Mira  OSARG   RRab    RRc    SRV  clasCep  clasOvertoneCep  contactBinary  detachedBinary   dsct  t2Cep  t2RVTau     All
Actual                                                                                                                                    
Mira             18747     30     11      0     31      207               14            448             144    100    161      900   20793
OSARG             5551  10493     31      7   1390       50               27            688             947    156   1029     3631   24000
RRab               181     11   9465   1386     10      326              198           5580            2947    432   3281      183   24000
RRc                119     18    763  10562      7      274              831           6379            1871   1241   1846       89   24000
SRV               8034    587     36     10  11091      730              112            484             318    249    391     1958   24000
clasCep             26      2     85     26      2    10294              742             62              62     99    579       31   12010
clasOvertoneCep     14      0      1     52      0      399             7873             88              53     84    122        0    8686
contactBinary      289      8    106    149      1      231              116          15754            5581    277   1290      198   24000
detachedBinary     157     11     59     66     26      331               80           4284           18266    275    348       97   24000
dsct                44      1      2      0      0      168               67             80              64   8857     51       13    9347
t2Cep               46      0     38     21      2      174               44            598             266    134   7520      565    9408
t2RVTau             36      0      0      0      0       15                0             17               8     10    126     1230    1442
All              33244  11161  10597  12279  12560    13199            10104          34462           30527  11914  16744     8895  205686
Predicted            Mira     OSARG      RRab       RRc       SRV   clasCep  clasOvertoneCep  contactBinary  detachedBinary      dsct     t2Cep   t2RVTau
Actual                                                                                                                                                   
Mira             0.901602  0.001250  0.000458  0.000000  0.001292  0.017236         0.001612       0.018667        0.006000  0.010699  0.017113  0.624133
OSARG            0.266965  0.437208  0.001292  0.000292  0.057917  0.004163         0.003108       0.028667        0.039458  0.016690  0.109375  2.518031
RRab             0.008705  0.000458  0.394375  0.057750  0.000417  0.027144         0.022795       0.232500        0.122792  0.046218  0.348746  0.126907
RRc              0.005723  0.000750  0.031792  0.440083  0.000292  0.022814         0.095671       0.265792        0.077958  0.132770  0.196216  0.061720
SRV              0.386380  0.024458  0.001500  0.000417  0.462125  0.060783         0.012894       0.020167        0.013250  0.026640  0.041560  1.357836
clasCep          0.001250  0.000083  0.003542  0.001083  0.000083  0.857119         0.085425       0.002583        0.002583  0.010592  0.061543  0.021498
clasOvertoneCep  0.000673  0.000000  0.000042  0.002167  0.000000  0.033222         0.906401       0.003667        0.002208  0.008987  0.012968  0.000000
contactBinary    0.013899  0.000333  0.004417  0.006208  0.000042  0.019234         0.013355       0.656417        0.232542  0.029635  0.137117  0.137309
detachedBinary   0.007551  0.000458  0.002458  0.002750  0.001083  0.027560         0.009210       0.178500        0.761083  0.029421  0.036990  0.067268
dsct             0.002116  0.000042  0.000083  0.000000  0.000000  0.013988         0.007714       0.003333        0.002667  0.947577  0.005421  0.009015
t2Cep            0.002212  0.000000  0.001583  0.000875  0.000083  0.014488         0.005066       0.024917        0.011083  0.014336  0.799320  0.391817
t2RVTau          0.001731  0.000000  0.000000  0.000000  0.000000  0.001249         0.000000       0.000708        0.000333  0.001070  0.013393  0.852982
Predicted                Mira  OSARG   RRab    RRc    SRV  clasCep  clasOvertoneCep  contactBinary  detachedBinary   dsct  t2Cep  t2RVTau     All
Survey Actual                                                                                                                                    
OGLE   Mira              8689     30      0      0     31       11                0              0               6      0      7       19    8793
       OSARG                5  10493      2      7   1390        2               26             22              18     24     10        1   12000
       RRab                 1     10   9460   1385      6      100               23            265              82     12    616       40   12000
       RRc                  2     14    762  10558      7       28               60            237              91      5    236        0   12000
       SRV                202    587      0     10  11090       12               16             15              11      3     37       17   12000
       clasCep              4      2     85     26      2     9145              721             41              22     22    520       24   10614
       clasOvertoneCep      0      0      1     52      0      234             7560             31              14      8    110        0    8010
       contactBinary        5      5    101    149      0       25               10           8874            2627      8    194        2   12000
       detachedBinary      16     10     56     65     26       16               20           2670            9009     10     94        8   12000
       dsct                 5      1      2      0      0        2                3              2               8   8340      1        0    8364
       t2Cep                4      0     38     21      2       33               24             43               7      0   2993       27    3192
       t2RVTau              0      0      0      0      0        0                0              0               0      0     13      509     522
VVV    Mira             10058      0     11      0      0      196               14            448             138    100    154      881   12000
       OSARG             5546      0     29      0      0       48                1            666             929    132   1019     3630   12000
       RRab               180      1      5      1      4      226              175           5315            2865    420   2665      143   12000
       RRc                117      4      1      4      0      246              771           6142            1780   1236   1610       89   12000
       SRV               7832      0     36      0      1      718               96            469             307    246    354     1941   12000
       clasCep             22      0      0      0      0     1149               21             21              40     77     59        7    1396
       clasOvertoneCep     14      0      0      0      0      165              313             57              39     76     12        0     676
       contactBinary      284      3      5      0      1      206              106           6880            2954    269   1096      196   12000
       detachedBinary     141      1      3      1      0      315               60           1614            9257    265    254       89   12000
       dsct                39      0      0      0      0      166               64             78              56    517     50       13     983
       t2Cep               42      0      0      0      0      141               20            555             259    134   4527      538    6216
       t2RVTau             36      0      0      0      0       15                0             17               8     10    113      721     920
All                     33244  11161  10597  12279  12560    13199            10104          34462           30527  11914  16744     8895  205686
******************************
Predicted         Mira  OSARG   RRab    RRc    SRV  clasCep  clasOvertoneCep  contactBinary  detachedBinary   dsct  t2Cep  t2RVTau     All
Actual                                                                                                                                    
Mira             19187      8      7      1     45      151                6            438             118    116    112      604   20793
OSARG             5605  10681     41      7   1189       52               43            700             716    214   1006     3746   24000
RRab               253     12   9526   1311      6      278              245           6053            2714    398   3046      158   24000
RRc                137     32    796  10573      8      273             1288           6390            1837   1052   1523       91   24000
SRV               8487    714     28     12  10969      701               50            531             249    309    344     1606   24000
clasCep             32      0     72     23      1    10463              647             56              47    108    530       31   12010
clasOvertoneCep      8      4      7     60      0      414             7877             58              33     97    128        0    8686
contactBinary      394      8     93    162      4      199              161          17118            4427    229   1040      165   24000
detachedBinary     225     28     53     85     29      334               79           5221           17265    246    350       85   24000
dsct                34      2      0      0      0      167               55             95              52   8891     41       10    9347
t2Cep               42      1     27     15      0      205               78            528             239    105   7604      564    9408
t2RVTau             50      0      0      0      0       17                0             20               1      8    112     1234    1442
All              34454  11490  10650  12249  12251    13254            10529          37208           27698  11773  15836     8294  205686
Predicted            Mira     OSARG      RRab       RRc       SRV   clasCep  clasOvertoneCep  contactBinary  detachedBinary      dsct     t2Cep   t2RVTau
Actual                                                                                                                                                   
Mira             0.922762  0.000333  0.000292  0.000042  0.001875  0.012573         0.000691       0.018250        0.004917  0.012410  0.011905  0.418863
OSARG            0.269562  0.445042  0.001708  0.000292  0.049542  0.004330         0.004950       0.029167        0.029833  0.022895  0.106930  2.597781
RRab             0.012168  0.000500  0.396917  0.054625  0.000250  0.023147         0.028206       0.252208        0.113083  0.042581  0.323767  0.109570
RRc              0.006589  0.001333  0.033167  0.440542  0.000333  0.022731         0.148285       0.266250        0.076542  0.112549  0.161884  0.063107
SRV              0.408166  0.029750  0.001167  0.000500  0.457042  0.058368         0.005756       0.022125        0.010375  0.033059  0.036565  1.113731
clasCep          0.001539  0.000000  0.003000  0.000958  0.000042  0.871191         0.074488       0.002333        0.001958  0.011555  0.056335  0.021498
clasOvertoneCep  0.000385  0.000167  0.000292  0.002500  0.000000  0.034471         0.906862       0.002417        0.001375  0.010378  0.013605  0.000000
contactBinary    0.018949  0.000333  0.003875  0.006750  0.000167  0.016570         0.018536       0.713250        0.184458  0.024500  0.110544  0.114424
detachedBinary   0.010821  0.001167  0.002208  0.003542  0.001208  0.027810         0.009095       0.217542        0.719375  0.026319  0.037202  0.058946
dsct             0.001635  0.000083  0.000000  0.000000  0.000000  0.013905         0.006332       0.003958        0.002167  0.951214  0.004358  0.006935
t2Cep            0.002020  0.000042  0.001125  0.000625  0.000000  0.017069         0.008980       0.022000        0.009958  0.011234  0.808248  0.391123
t2RVTau          0.002405  0.000000  0.000000  0.000000  0.000000  0.001415         0.000000       0.000833        0.000042  0.000856  0.011905  0.855756
Predicted                Mira  OSARG   RRab    RRc    SRV  clasCep  clasOvertoneCep  contactBinary  detachedBinary   dsct  t2Cep  t2RVTau     All
Survey Actual                                                                                                                                    
OGLE   Mira              8718      8      2      1     45        4                0              0               3      2      3        7    8793
       OSARG                6  10681      5      7   1189        2               36             24              19     20     11        0   12000
       RRab                23      9   9521   1308      5       69               17            371              63     24    562       28   12000
       RRc                  2     20    794  10571      8       34               57            245              71      8    190        0   12000
       SRV                204    713      0     12  10966       10               15             20              13      5     25       17   12000
       clasCep             11      0     72     23      1     9314              621             35              10     24    478       25   10614
       clasOvertoneCep      0      4      7     60      0      249             7526             30               8     10    116        0    8010
       contactBinary       14      5     91    157      0       28               10           9777            1686     21    203        8   12000
       detachedBinary      22     24     50     84     28       18               16           3351            8301     23     81        2   12000
       dsct                 0      2      0      0      0        4                0             10               1   8347      0        0    8364
       t2Cep                3      0     27     15      0       40               24             33               2      1   3021       26    3192
       t2RVTau              0      0      0      0      0        0                0              0               0      0      6      516     522
VVV    Mira             10469      0      5      0      0      147                6            438             115    114    109      597   12000
       OSARG             5599      0     36      0      0       50                7            676             697    194    995     3746   12000
       RRab               230      3      5      3      1      209              228           5682            2651    374   2484      130   12000
       RRc                135     12      2      2      0      239             1231           6145            1766   1044   1333       91   12000
       SRV               8283      1     28      0      3      691               35            511             236    304    319     1589   12000
       clasCep             21      0      0      0      0     1149               26             21              37     84     52        6    1396
       clasOvertoneCep      8      0      0      0      0      165              351             28              25     87     12        0     676
       contactBinary      380      3      2      5      4      171              151           7341            2741    208    837      157   12000
       detachedBinary     203      4      3      1      1      316               63           1870            8964    223    269       83   12000
       dsct                34      0      0      0      0      163               55             85              51    544     41       10     983
       t2Cep               39      1      0      0      0      165               54            495             237    104   4583      538    6216
       t2RVTau             50      0      0      0      0       17                0             20               1      8    106      718     920
All                     34454  11490  10650  12249  12251    13254            10529          37208           27698  11773  15836     8294  205686
******************************
Predicted         Mira  OSARG  RRab    RRc    SRV  clasCep  clasOvertoneCep  contactBinary  detachedBinary   dsct  t2Cep  t2RVTau     All
Actual                                                                                                                                   
Mira             18188      8    10      0     62      160               17            676             219    118    138     1197   20793
OSARG             3903  10457    11     12   1412      121               40            898             981    283    998     4884   24000
RRab               155      7  9175   1812      1      360              147           5934            2753    399   3080      177   24000
RRc                 94     20   479  10897      7      327              317           6722            1903   1420   1714      100   24000
SRV               7263    504    20      5  11207      707              109            675             389    259    367     2495   24000
clasCep             27      0    74     43      0    10031              980             97              37     88    595       38   12010
clasOvertoneCep     16      1     2     86      5      398             7709             90              41    160    174        4    8686
contactBinary      240      3   100    201      1      223               73          16858            4835    249   1062      155   24000
detachedBinary     155     19    44    110     27      335               50           5011           17641    227    265      116   24000
dsct                39      0     0      2      0      156               49             97              73   8866     42       23    9347
t2Cep               32      4    61     33      0      254               64            673             285    127   7193      682    9408
t2RVTau             43      0     0      0      0       19                0             27               6     12     96     1239    1442
All              30155  11023  9976  13201  12722    13091             9555          37758           29163  12208  15724    11110  205686
Predicted            Mira     OSARG      RRab       RRc       SRV   clasCep  clasOvertoneCep  contactBinary  detachedBinary      dsct     t2Cep   t2RVTau
Actual                                                                                                                                                   
Mira             0.874717  0.000333  0.000417  0.000000  0.002583  0.013322         0.001957       0.028167        0.009125  0.012624  0.014668  0.830097
OSARG            0.187707  0.435708  0.000458  0.000500  0.058833  0.010075         0.004605       0.037417        0.040875  0.030277  0.106080  3.386963
RRab             0.007454  0.000292  0.382292  0.075500  0.000042  0.029975         0.016924       0.247250        0.114708  0.042687  0.327381  0.122746
RRc              0.004521  0.000833  0.019958  0.454042  0.000292  0.027227         0.036496       0.280083        0.079292  0.151920  0.182185  0.069348
SRV              0.349300  0.021000  0.000833  0.000208  0.466958  0.058868         0.012549       0.028125        0.016208  0.027709  0.039009  1.730236
clasCep          0.001299  0.000000  0.003083  0.001792  0.000000  0.835221         0.112825       0.004042        0.001542  0.009415  0.063244  0.026352
clasOvertoneCep  0.000769  0.000042  0.000083  0.003583  0.000208  0.033139         0.887520       0.003750        0.001708  0.017118  0.018495  0.002774
contactBinary    0.011542  0.000125  0.004167  0.008375  0.000042  0.018568         0.008404       0.702417        0.201458  0.026640  0.112883  0.107490
detachedBinary   0.007454  0.000792  0.001833  0.004583  0.001125  0.027893         0.005756       0.208792        0.735042  0.024286  0.028168  0.080444
dsct             0.001876  0.000000  0.000000  0.000083  0.000000  0.012989         0.005641       0.004042        0.003042  0.948540  0.004464  0.015950
t2Cep            0.001539  0.000167  0.002542  0.001375  0.000000  0.021149         0.007368       0.028042        0.011875  0.013587  0.764562  0.472954
t2RVTau          0.002068  0.000000  0.000000  0.000000  0.000000  0.001582         0.000000       0.001125        0.000250  0.001284  0.010204  0.859223
Predicted                Mira  OSARG  RRab    RRc    SRV  clasCep  clasOvertoneCep  contactBinary  detachedBinary   dsct  t2Cep  t2RVTau     All
Survey Actual                                                                                                                                   
OGLE   Mira              8675      8     3      0     62        3                0              2               0      0     14       26    8793
       OSARG                1  10457     0     12   1412        0               37             31              29     11      9        1   12000
       RRab                 3      6  9174   1812      1       63               16            348              82     11    453       31   12000
       RRc                  2     12   478  10894      7       31               44            250              68      4    208        2   12000
       SRV                157    504     1      5  11206        8               17             20              19      9     34       20   12000
       clasCep              4      0    74     43      0     8881              944             74               2     19    549       24   10614
       clasOvertoneCep      0      1     2     86      5      213             7477             35               7     27    157        0    8010
       contactBinary        4      1    99    201      1       26               10           9628            1857      9    159        5   12000
       detachedBinary      23     15    42    109     24       14               19           3167            8487     11     83        6   12000
       dsct                 0      0     0      2      0        4                3              1              11   8343      0        0    8364
       t2Cep                2      3    61     33      0       57               30             55               9      2   2910       30    3192
       t2RVTau              2      0     0      0      0        0                0              1               0      0      5      514     522
VVV    Mira              9513      0     7      0      0      157               17            674             219    118    124     1171   12000
       OSARG             3902      0    11      0      0      121                3            867             952    272    989     4883   12000
       RRab               152      1     1      0      0      297              131           5586            2671    388   2627      146   12000
       RRc                 92      8     1      3      0      296              273           6472            1835   1416   1506       98   12000
       SRV               7106      0    19      0      1      699               92            655             370    250    333     2475   12000
       clasCep             23      0     0      0      0     1150               36             23              35     69     46       14    1396
       clasOvertoneCep     16      0     0      0      0      185              232             55              34    133     17        4     676
       contactBinary      236      2     1      0      0      197               63           7230            2978    240    903      150   12000
       detachedBinary     132      4     2      1      3      321               31           1844            9154    216    182      110   12000
       dsct                39      0     0      0      0      152               46             96              62    523     42       23     983
       t2Cep               30      1     0      0      0      197               34            618             276    125   4283      652    6216
       t2RVTau             41      0     0      0      0       19                0             26               6     12     91      725     920
All                     30155  11023  9976  13201  12722    13091             9555          37758           29163  12208  15724    11110  205686
******************************
Predicted         Mira  OSARG   RRab    RRc    SRV  clasCep  clasOvertoneCep  contactBinary  detachedBinary   dsct  t2Cep  t2RVTau     All
Actual                                                                                                                                    
Mira             18669      3     15      4     43      169               11            706             197     96    145      735   20793
OSARG             5367  10724     37     12   1126      207               34            637             886    159   1129     3682   24000
RRab               186      2  10055   1088      2      369              193           6152            2745    362   2704      142   24000
RRc                130      6   1196  10120      2      217              638           7140            1926   1328   1229       68   24000
SRV               7874    709     85     15  10901      709               92            686             357    263    444     1865   24000
clasCep             28      0     83     19      0    10536              593             91              49     93    480       38   12010
clasOvertoneCep     11      0      8     68      2      618             7581             85              61    134    115        3    8686
contactBinary      274      5    102     95      1      238              111          16234            5638    259    932      111   24000
detachedBinary     168     19     66     59     20      323               69           4479           18119    316    278       84   24000
dsct                29      1      2      0      0      166               71             86              69   8852     43       28    9347
t2Cep               67      0     53     25      3      272               50            665             276    133   7341      523    9408
t2RVTau             37      0      0      0      0       18                2             21               7     10    136     1211    1442
All              32840  11469  11702  11505  12100    13842             9445          36982           30330  12005  14976     8490  205686
Predicted            Mira     OSARG      RRab       RRc       SRV   clasCep  clasOvertoneCep  contactBinary  detachedBinary      dsct     t2Cep   t2RVTau
Actual                                                                                                                                                   
Mira             0.897850  0.000125  0.000625  0.000167  0.001792  0.014072         0.001266       0.029417        0.008208  0.010271  0.015412  0.509709
OSARG            0.258116  0.446833  0.001542  0.000500  0.046917  0.017236         0.003914       0.026542        0.036917  0.017011  0.120004  2.553398
RRab             0.008945  0.000083  0.418958  0.045333  0.000083  0.030724         0.022220       0.256333        0.114375  0.038729  0.287415  0.098474
RRc              0.006252  0.000250  0.049833  0.421667  0.000083  0.018068         0.073452       0.297500        0.080250  0.142078  0.130634  0.047157
SRV              0.378685  0.029542  0.003542  0.000625  0.454208  0.059034         0.010592       0.028583        0.014875  0.028137  0.047194  1.293343
clasCep          0.001347  0.000000  0.003458  0.000792  0.000000  0.877269         0.068271       0.003792        0.002042  0.009950  0.051020  0.026352
clasOvertoneCep  0.000529  0.000000  0.000333  0.002833  0.000083  0.051457         0.872784       0.003542        0.002542  0.014336  0.012224  0.002080
contactBinary    0.013178  0.000208  0.004250  0.003958  0.000042  0.019817         0.012779       0.676417        0.234917  0.027709  0.099065  0.076976
detachedBinary   0.008080  0.000792  0.002750  0.002458  0.000833  0.026894         0.007944       0.186625        0.754958  0.033808  0.029549  0.058252
dsct             0.001395  0.000042  0.000083  0.000000  0.000000  0.013822         0.008174       0.003583        0.002875  0.947042  0.004571  0.019417
t2Cep            0.003222  0.000000  0.002208  0.001042  0.000125  0.022648         0.005756       0.027708        0.011500  0.014229  0.780293  0.362691
t2RVTau          0.001779  0.000000  0.000000  0.000000  0.000000  0.001499         0.000230       0.000875        0.000292  0.001070  0.014456  0.839806
Predicted                Mira  OSARG   RRab    RRc    SRV  clasCep  clasOvertoneCep  contactBinary  detachedBinary   dsct  t2Cep  t2RVTau     All
Survey Actual                                                                                                                                    
OGLE   Mira              8721      3      0      4     43        3                0              0               2      1      6       10    8793
       OSARG               11  10724      1     12   1126        5               31             21              34     24     10        1   12000
       RRab                 4      2  10049   1087      2       98               15            280             127     13    285       38   12000
       RRc                  2      4   1192  10117      2       32               60            273             162     13    143        0   12000
       SRV                231    709     10     15  10899       20               15             26              17     12     27       19   12000
       clasCep              5      0     83     19      0     9385              569             59              16     14    437       27   10614
       clasOvertoneCep      0      0      8     68      2      420             7333             34              29     16    100        0    8010
       contactBinary        5      2     99     92      1       32               13           8807            2761     15    169        4   12000
       detachedBinary      16     19     63     58     20        9               16           2526            9142     30     98        3   12000
       dsct                 0      1      2      0      0        1                9              0               5   8344      2        0    8364
       t2Cep                3      0     53     25      3       79               20             40              12      2   2927       28    3192
       t2RVTau              0      0      0      0      0        0                0              0               0      0      9      513     522
VVV    Mira              9948      0     15      0      0      166               11            706             195     95    139      725   12000
       OSARG             5356      0     36      0      0      202                3            616             852    135   1119     3681   12000
       RRab               182      0      6      1      0      271              178           5872            2618    349   2419      104   12000
       RRc                128      2      4      3      0      185              578           6867            1764   1315   1086       68   12000
       SRV               7643      0     75      0      2      689               77            660             340    251    417     1846   12000
       clasCep             23      0      0      0      0     1151               24             32              33     79     43       11    1396
       clasOvertoneCep     11      0      0      0      0      198              248             51              32    118     15        3     676
       contactBinary      269      3      3      3      0      206               98           7427            2877    244    763      107   12000
       detachedBinary     152      0      3      1      0      314               53           1953            8977    286    180       81   12000
       dsct                29      0      0      0      0      165               62             86              64    508     41       28     983
       t2Cep               64      0      0      0      0      193               30            625             264    131   4414      495    6216
       t2RVTau             37      0      0      0      0       18                2             21               7     10    127      698     920
All                     32840  11469  11702  11505  12100    13842             9445          36982           30330  12005  14976     8490  205686
******************************
