Confusion Matrix For Each Model Iteration:
Predicted    cep    ecl   lpv  rrlyr    All
Actual                                     
cep         5976    435   344    885   7640
ecl          801   9335   262   1602  12000
lpv         2441   1704  7578    277  12000
rrlyr       2928   2480   224   6327  11959
All        12146  13954  8408   9091  43599
Predicted        Mira  OSARG  RRab   RRc   SRV  clasCep  clasOvertoneCep  contactBinary  detachedBinary  t2Cep  t2RVTau    All
Actual                                                                                                                        
Mira              294     26     1     1   217       18                2             29               9     86       42    725
OSARG              21   4134    33    15   478       15               27             77              48     34       24   4906
RRab               14     77  3246   714    79     1631               65           1236             393    850       19   8324
RRc                 4     18   449  1710    13      189               48            849             206    144        5   3635
SRV               179    546    62    61  1740      491              602           1517             196    840      135   6369
clasCep             2      4    73    19    49     2041              197             72              19    119       13   2608
clasOvertoneCep     1      9    15    54    20      256             1078             57              18     22        4   1534
contactBinary      14     32   339   381    77      167               96           3175             660    194       19   5154
detachedBinary      9     46   298   245    58       81               41           2204            3750    102       12   6846
t2Cep               4     48   371   161    66      187               28            188              61   1790      145   3049
t2RVTau             3     21     9     7    58       22                3             11               2    116      197    449
All               545   4961  4896  3368  2855     5098             2187           9415            5362   4297      615  43599
Predicted            Mira     OSARG      RRab       RRc       SRV   clasCep  clasOvertoneCep  contactBinary  detachedBinary     t2Cep   t2RVTau
Actual                                                                                                                                         
Mira             0.405517  0.005300  0.000120  0.000275  0.034071  0.006902         0.001304       0.005627        0.001315  0.028206  0.093541
OSARG            0.028966  0.842642  0.003964  0.004127  0.075051  0.005752         0.017601       0.014940        0.007011  0.011151  0.053452
RRab             0.019310  0.015695  0.389957  0.196424  0.012404  0.625383         0.042373       0.239814        0.057406  0.278780  0.042316
RRc              0.005517  0.003669  0.053940  0.470426  0.002041  0.072469         0.031291       0.164726        0.030091  0.047229  0.011136
SRV              0.246897  0.111292  0.007448  0.016781  0.273198  0.188267         0.392438       0.294334        0.028630  0.275500  0.300668
clasCep          0.002759  0.000815  0.008770  0.005227  0.007694  0.782592         0.128422       0.013970        0.002775  0.039029  0.028953
clasOvertoneCep  0.001379  0.001834  0.001802  0.014856  0.003140  0.098160         0.702738       0.011059        0.002629  0.007215  0.008909
contactBinary    0.019310  0.006523  0.040726  0.104814  0.012090  0.064034         0.062581       0.616026        0.096407  0.063627  0.042316
detachedBinary   0.012414  0.009376  0.035800  0.067400  0.009107  0.031058         0.026728       0.427629        0.547765  0.033454  0.026726
t2Cep            0.005517  0.009784  0.044570  0.044292  0.010363  0.071702         0.018253       0.036477        0.008910  0.587078  0.322940
t2RVTau          0.004138  0.004280  0.001081  0.001926  0.009107  0.008436         0.001956       0.002134        0.000292  0.038045  0.438753
Predicted               Mira  OSARG  RRab   RRc   SRV  clasCep  clasOvertoneCep  contactBinary  detachedBinary  t2Cep  t2RVTau    All
Survey Actual                                                                                                                        
ASASSN Mira              135      1     0     0     9       12                0              3               2     73       29    264
       RRab                3     32   252    19    32     1537               49            656              13    521        4   3118
       RRc                 1      0    50     9     0      163               26            549               6     78        0    882
       SRV                55     99    51    45   244      367              566           1356             151    772       30   3736
       clasCep             0      1     9     0     6      585               20             21               0     30        2    674
       clasOvertoneCep     0      0     2     3     1       63              118             18               0      5        0    210
       contactBinary       3      8    19    29     1      125               91           2049              55     69        1   2450
       detachedBinary      4      5    14     7     4       23               28           1147             284     31        3   1550
       t2Cep               0      3     4     1     1       76                3             27               0    156        0    271
       t2RVTau             0      0     0     0     0        0                0              0               0      3        3      6
OGLE   Mira               97      3     0     0    11        0                0              0               0      2        2    115
       OSARG               0   2852     7    12   270        4               26             40               9      6        1   3227
       RRab                3     10  1889   360     7       69                8            160              87    202        6   2801
       RRc                 0      2   198   835     3        5                9             64              40     25        0   1181
       SRV                 4    100     4     3   527        0                4              4               3      8        1    658
       clasCep             0      0    27     4     7     1094              153             21               4     66        5   1381
       clasOvertoneCep     0      1     6    19     0      112              878             25               5     10        0   1056
       contactBinary       0      0    32    27     0        5                0            289             291      7        0    651
       detachedBinary      0     15   100   121     3        7                5            633            2438     27        0   3349
       t2Cep               2      6    84    23     8       44                8             41              13    165       10    404
       t2RVTau             1      0     2     1    11        1                1              3               1     27       19     67
VVV    Mira               62     22     1     1   197        6                2             26               7     11       11    346
       OSARG              21   1282    26     3   208       11                1             37              39     28       23   1679
       RRab                8     35  1105   335    40       25                8            420             293    127        9   2405
       RRc                 3     16   201   866    10       21               13            236             160     41        5   1572
       SRV               120    347     7    13   969      124               32            157              42     60      104   1975
       clasCep             2      3    37    15    36      362               24             30              15     23        6    553
       clasOvertoneCep     1      8     7    32    19       81               82             14              13      7        4    268
       contactBinary      11     24   288   325    76       37                5            837             314    118       18   2053
       detachedBinary      5     26   184   117    51       51                8            424            1028     44        9   1947
       t2Cep               2     39   283   137    57       67               17            120              48   1469      135   2374
       t2RVTau             2     21     7     6    47       21                2              8               1     86      175    376
All                      545   4961  4896  3368  2855     5098             2187           9415            5362   4297      615  43599
