Predicted         Mira  OSARG   RRab    RRc    SRV  clasCep  clasOvertoneCep  contactBinary  detachedBinary  t2Cep  t2RVTau     All
Actual                                                                                                                             
Mira             20655     16     50      7     94     2088               65            310             627   6964     1917   32793
OSARG               63  10676      5      7   1275     3790              116            237             224   7293      314   24000
RRab                 7    685   9209   1585    294     1472             2274           2771            2026   3630       47   24000
RRc                  5   2279    647  10559    356      556             4083           2330            1883   1290       12   24000
SRV               1497   1057     75     36  12493     3057              799           2613            2235  10508     1630   36000
clasCep             28     15     78     31     16    12934             1462            141              88   1031      114   15938
clasOvertoneCep      8     73      3     79     17      323             9200             92              55    228       19   10097
contactBinary       10   1294     77    188    242     1460             2332          11812            2726   3797       62   24000
detachedBinary       5   1001     48     95    385     1508             2125           5491           10521   2734       87   24000
t2Cep              132    153    120     66    125     1152             1071           1103             617   7880      171   12590
t2RVTau             14      4      1      0      5      186               20             18              14    653      951    1866
All              22424  17253  10313  12653  15302    28526            23547          26918           21016  46008     5324  229284
Predicted            Mira     OSARG      RRab       RRc       SRV   clasCep  clasOvertoneCep  contactBinary  detachedBinary     t2Cep   t2RVTau
Actual                                                                                                                                         
Mira             0.629860  0.000667  0.002083  0.000292  0.002611  0.131008         0.006438       0.012917        0.026125  0.553137  1.027331
OSARG            0.001921  0.444833  0.000208  0.000292  0.035417  0.237796         0.011489       0.009875        0.009333  0.579269  0.168274
RRab             0.000213  0.028542  0.383708  0.066042  0.008167  0.092358         0.225215       0.115458        0.084417  0.288324  0.025188
RRc              0.000152  0.094958  0.026958  0.439958  0.009889  0.034885         0.404378       0.097083        0.078458  0.102462  0.006431
SRV              0.045650  0.044042  0.003125  0.001500  0.347028  0.191806         0.079132       0.108875        0.093125  0.834631  0.873526
clasCep          0.000854  0.000625  0.003250  0.001292  0.000444  0.811520         0.144795       0.005875        0.003667  0.081890  0.061093
clasOvertoneCep  0.000244  0.003042  0.000125  0.003292  0.000472  0.020266         0.911162       0.003833        0.002292  0.018110  0.010182
contactBinary    0.000305  0.053917  0.003208  0.007833  0.006722  0.091605         0.230960       0.492167        0.113583  0.301589  0.033226
detachedBinary   0.000152  0.041708  0.002000  0.003958  0.010694  0.094617         0.210459       0.228792        0.438375  0.217156  0.046624
t2Cep            0.004025  0.006375  0.005000  0.002750  0.003472  0.072280         0.106071       0.045958        0.025708  0.625894  0.091640
t2RVTau          0.000427  0.000167  0.000042  0.000000  0.000139  0.011670         0.001981       0.000750        0.000583  0.051867  0.509646
Predicted                Mira  OSARG   RRab    RRc    SRV  clasCep  clasOvertoneCep  contactBinary  detachedBinary  t2Cep  t2RVTau     All
Survey Actual                                                                                                                             
ASASSN Mira             11263      0     17      1      0       97                9             64              18    287      244   12000
       SRV                890    349     21     17   1370      449              551           2403            1813   3578      559   12000
       clasCep              3      0      2      0      2     3622              144             33              22    107        4    3939
       clasOvertoneCep      0      0      0      0      0       60             1302             21               2     10        0    1395
       t2Cep                1      0      2      0      1      146               30            133              33   2899       10    3255
       t2RVTau              4      0      0      0      0        1                0              7               2     21      409     444
OGLE   Mira              8700      5      2      1     63        0                0              0               0     10       12    8793
       OSARG                2  10641      0      7   1253        2               36             15              31      9        4   12000
       RRab                 0     20   9205   1543      2      193               46            296              34    649       12   12000
       RRc                  2     10    647  10533      3       20              123            396              34    232        0   12000
       SRV                121    645      3      4  11104        5               32              2              10     44       30   12000
       clasCep              0      0     73     27      2     8955             1074             30               1    441       11   10614
       clasOvertoneCep      0      1      3     78      2      139             7694             41               3     49        0    8010
       contactBinary        2      6     69    152      1       21               31          10254            1264    196        4   12000
       detachedBinary       0     34     44     72     23        6               20           3935            7788     69        9   12000
       t2Cep                0      2    102     28      2       48               30             33               4   2931       12    3192
       t2RVTau              0      0      0      0      0        3                0              0               0     14      505     522
VVV    Mira               692     11     31      5     31     1991               56            246             609   6667     1661   12000
       OSARG               61     35      5      0     22     3788               80            222             193   7284      310   12000
       RRab                 7    665      4     42    292     1279             2228           2475            1992   2981       35   12000
       RRc                  3   2269      0     26    353      536             3960           1934            1849   1058       12   12000
       SRV                486     63     51     15     19     2603              216            208             412   6886     1041   12000
       clasCep             25     15      3      4     12      357              244             78              65    483       99    1385
       clasOvertoneCep      8     72      0      1     15      124              204             30              50    169       19     692
       contactBinary        8   1288      8     36    241     1439             2301           1558            1462   3601       58   12000
       detachedBinary       5    967      4     23    362     1502             2105           1556            2733   2665       78   12000
       t2Cep              131    151     16     38    122      958             1011            937             580   2050      149    6143
       t2RVTau             10      4      1      0      5      182               20             11              12    618       37     900
All                     22424  17253  10313  12653  15302    28526            23547          26918           21016  46008     5324  229284
******************************
Predicted         Mira  OSARG   RRab    RRc    SRV  clasCep  clasOvertoneCep  contactBinary  detachedBinary  t2Cep  t2RVTau     All
Actual                                                                                                                             
Mira             21139      7     24      2     64     2969               92            187             350   5428     2531   32793
OSARG              104  10739      8     16   1136     5264              146            166             232   5786      403   24000
RRab                18    337   9129   1665     58     3343             3125           1072            2192   3001       60   24000
RRc                  5   1218    836  10468     66     1603             5976            810            1667   1315       36   24000
SRV               1975   1132     49     21  12006     4263              665           1673            2884   9204     2128   36000
clasCep            113     20     77     37     11    12588             1761            113             118    981      119   15938
clasOvertoneCep     53     53      5    100      6      468             9068             62              42    212       28   10097
contactBinary       21    689    122    212     54     3335             3114           9563            3813   2957      120   24000
detachedBinary      22    688     52    117     68     2936             3322           3560           11036   2070      129   24000
t2Cep              198    250    173     56     77     1856              817           1053             785   7174      151   12590
t2RVTau             13      2      0      0      5      323               14             13              13    485      998    1866
All              23661  15135  10475  12694  13551    38948            28100          18272           23132  38613     6703  229284
Predicted            Mira     OSARG      RRab       RRc       SRV   clasCep  clasOvertoneCep  contactBinary  detachedBinary     t2Cep   t2RVTau
Actual                                                                                                                                         
Mira             0.644619  0.000292  0.001000  0.000083  0.001778  0.186284         0.009112       0.007792        0.014583  0.431136  1.356377
OSARG            0.003171  0.447458  0.000333  0.000667  0.031556  0.330280         0.014460       0.006917        0.009667  0.459571  0.215970
RRab             0.000549  0.014042  0.380375  0.069375  0.001611  0.209750         0.309498       0.044667        0.091333  0.238364  0.032154
RRc              0.000152  0.050750  0.034833  0.436167  0.001833  0.100577         0.591859       0.033750        0.069458  0.104448  0.019293
SRV              0.060226  0.047167  0.002042  0.000875  0.333500  0.267474         0.065861       0.069708        0.120167  0.731056  1.140407
clasCep          0.003446  0.000833  0.003208  0.001542  0.000306  0.789811         0.174408       0.004708        0.004917  0.077919  0.063773
clasOvertoneCep  0.001616  0.002208  0.000208  0.004167  0.000167  0.029364         0.898089       0.002583        0.001750  0.016839  0.015005
contactBinary    0.000640  0.028708  0.005083  0.008833  0.001500  0.209248         0.308408       0.398458        0.158875  0.234869  0.064309
detachedBinary   0.000671  0.028667  0.002167  0.004875  0.001889  0.184214         0.329009       0.148333        0.459833  0.164416  0.069132
t2Cep            0.006038  0.010417  0.007208  0.002333  0.002139  0.116451         0.080915       0.043875        0.032708  0.569817  0.080922
t2RVTau          0.000396  0.000083  0.000000  0.000000  0.000139  0.020266         0.001387       0.000542        0.000542  0.038523  0.534834
Predicted                Mira  OSARG   RRab    RRc    SRV  clasCep  clasOvertoneCep  contactBinary  detachedBinary  t2Cep  t2RVTau     All
Survey Actual                                                                                                                             
ASASSN Mira             11273      0      8      1      0       48                7             67              28    342      226   12000
       SRV                859    271     11     14   1088      446              378           1551            2618   3931      833   12000
       clasCep              5      0      5      0      1     3473              210             49              30    154       12    3939
       clasOvertoneCep      0      0      0      3      0      100             1261             21               0     10        0    1395
       t2Cep                0      1     10      0      0      190               51            130              63   2788       22    3255
       t2RVTau              1      0      0      0      0        0                0              2               6     13      422     444
OGLE   Mira              8710      0      3      1     54        0                0              0               0      4       21    8793
       OSARG                4  10719      1     16   1135        4               32              2              53     31        3   12000
       RRab                 1     15   9127   1659      0      158               47            270              49    666        8   12000
       RRc                  0      8    836  10460     13       50              133            269              70    159        2   12000
       SRV                131    804      5      6  10911       12               25              2              15     51       38   12000
       clasCep              2      0     72     37      2     8729             1275             31               5    447       14   10614
       clasOvertoneCep      0      0      5     97      0      242             7570             23               7     66        0    8010
       contactBinary        0      6    119    194      1       26               30           8945            2455    219        5   12000
       detachedBinary       1     21     51    108     23        6               25           3009            8674     70       12   12000
       t2Cep                0      3    160     53      0       85               39             34               4   2799       15    3192
       t2RVTau              1      0      0      0      0        0                0              0               0      4      517     522
VVV    Mira              1156      7     13      0     10     2921               85            120             322   5082     2284   12000
       OSARG              100     20      7      0      1     5260              114            164             179   5755      400   12000
       RRab                17    322      2      6     58     3185             3078            802            2143   2335       52   12000
       RRc                  5   1210      0      8     53     1553             5843            541            1597   1156       34   12000
       SRV                985     57     33      1      7     3805              262            120             251   5222     1257   12000
       clasCep            106     20      0      0      8      386              276             33              83    380       93    1385
       clasOvertoneCep     53     53      0      0      6      126              237             18              35    136       28     692
       contactBinary       21    683      3     18     53     3309             3084            618            1358   2738      115   12000
       detachedBinary      21    667      1      9     45     2930             3297            551            2362   2000      117   12000
       t2Cep              198    246      3      3     77     1581              727            889             718   1587      114    6143
       t2RVTau             11      2      0      0      5      323               14             11               7    468       59     900
All                     23661  15135  10475  12694  13551    38948            28100          18272           23132  38613     6703  229284
******************************
Predicted         Mira  OSARG  RRab    RRc    SRV  clasCep  clasOvertoneCep  contactBinary  detachedBinary  t2Cep  t2RVTau     All
Actual                                                                                                                            
Mira             19957     17     6      2     39     4060               83            459             882   4806     2482   32793
OSARG               65  10593    11     14   1265     4638               76            380             436   6119      403   24000
RRab                 1    305  8639   1479    105     1713             2898           1535            4608   2662       55   24000
RRc                  0    921   835  10007    162      615             4676           1228            4406   1125       25   24000
SRV               1306    861    24     14  11436     4567              477           2084            3577   9477     2177   36000
clasCep             37     10    68     27     28    12320             1661            236             241   1139      171   15938
clasOvertoneCep     18     62     6    111     15      511             8855            128             148    220       23   10097
contactBinary        9    669    55     70    156     2118             2540          10043            6024   2198      118   24000
detachedBinary       4    439    23     34    150     1805             2413           3915           13488   1593      136   24000
t2Cep              155     69   138    100     65     1309              970           1103            1546   6900      235   12590
t2RVTau              4      4     1      0      2      267               16             23              46    540      963    1866
All              21556  13950  9806  11858  13423    33923            24665          21134           35402  36779     6788  229284
Predicted            Mira     OSARG      RRab       RRc       SRV   clasCep  clasOvertoneCep  contactBinary  detachedBinary     t2Cep   t2RVTau
Actual                                                                                                                                         
Mira             0.608575  0.000708  0.000250  0.000083  0.001083  0.254737         0.008220       0.019125        0.036750  0.381732  1.330118
OSARG            0.001982  0.441375  0.000458  0.000583  0.035139  0.291003         0.007527       0.015833        0.018167  0.486021  0.215970
RRab             0.000030  0.012708  0.359958  0.061625  0.002917  0.107479         0.287016       0.063958        0.192000  0.211438  0.029475
RRc              0.000000  0.038375  0.034792  0.416958  0.004500  0.038587         0.463108       0.051167        0.183583  0.089357  0.013398
SRV              0.039826  0.035875  0.001000  0.000583  0.317667  0.286548         0.047242       0.086833        0.149042  0.752740  1.166667
clasCep          0.001128  0.000417  0.002833  0.001125  0.000778  0.772995         0.164504       0.009833        0.010042  0.090469  0.091640
clasOvertoneCep  0.000549  0.002583  0.000250  0.004625  0.000417  0.032062         0.876993       0.005333        0.006167  0.017474  0.012326
contactBinary    0.000274  0.027875  0.002292  0.002917  0.004333  0.132890         0.251560       0.418458        0.251000  0.174583  0.063237
detachedBinary   0.000122  0.018292  0.000958  0.001417  0.004167  0.113251         0.238982       0.163125        0.562000  0.126529  0.072883
t2Cep            0.004727  0.002875  0.005750  0.004167  0.001806  0.082131         0.096068       0.045958        0.064417  0.548054  0.125938
t2RVTau          0.000122  0.000167  0.000042  0.000000  0.000056  0.016752         0.001585       0.000958        0.001917  0.042891  0.516077
Predicted                Mira  OSARG  RRab    RRc    SRV  clasCep  clasOvertoneCep  contactBinary  detachedBinary  t2Cep  t2RVTau     All
Survey Actual                                                                                                                            
ASASSN Mira             10864      0     3      0      0      156                3             52               7    500      415   12000
       SRV                684     92     6      7    511      464              212           1660            2960   4439      965   12000
       clasCep              0      0     1      0      0     3292              209            123              45    260        9    3939
       clasOvertoneCep      0      0     0      2      0       91             1241             48               5      8        0    1395
       t2Cep                0      0     2      2      1      158               26            285              84   2670       27    3255
       t2RVTau              0      0     0      0      0        1                0              4              12     25      402     444
OGLE   Mira              8709      6     1      2     33        0                0              2               2      1       37    8793
       OSARG               20  10573     3     14   1254        2               17              1              85     27        4   12000
       RRab                 0      2  8636   1479      0      167               19            431              95   1163        8   12000
       RRc                  0      0   835  10003      5       19               97            596             126    316        3   12000
       SRV                160    731     6      7  10916        7               10              2              34     91       36   12000
       clasCep              0      0    62     27      5     8720             1159             78              16    525       22   10614
       clasOvertoneCep      0      0     6    109      0      308             7393             73              36     84        1    8010
       contactBinary        0      1    55     69      1        7               24           8939            2760    140        4   12000
       detachedBinary       0     18    19     34     18        0               12           3104            8719     59       17   12000
       t2Cep                0      2   126     38      2       87               39            101              24   2757       16    3192
       t2RVTau              0      0     1      0      0        0                0              0               0      5      516     522
VVV    Mira               384     11     2      0      6     3904               80            405             873   4305     2030   12000
       OSARG               45     20     8      0     11     4636               59            379             351   6092      399   12000
       RRab                 1    303     3      0    105     1546             2879           1104            4513   1499       47   12000
       RRc                  0    921     0      4    157      596             4579            632            4280    809       22   12000
       SRV                462     38    12      0      9     4096              255            422             583   4947     1176   12000
       clasCep             37     10     5      0     23      308              293             35             180    354      140    1385
       clasOvertoneCep     18     62     0      0     15      112              221              7             107    128       22     692
       contactBinary        9    668     0      1    155     2111             2516           1104            3264   2058      114   12000
       detachedBinary       4    421     4      0    132     1805             2401            811            4769   1534      119   12000
       t2Cep              155     67    10     60     62     1064              905            717            1438   1473      192    6143
       t2RVTau              4      4     0      0      2      266               16             19              34    510       45     900
All                     21556  13950  9806  11858  13423    33923            24665          21134           35402  36779     6788  229284
******************************
Predicted         Mira  OSARG   RRab    RRc    SRV  clasCep  clasOvertoneCep  contactBinary  detachedBinary  t2Cep  t2RVTau     All
Actual                                                                                                                             
Mira             21020     20     43      0     49     4426               78            206             502   4697     1752   32793
OSARG               65  10844      9     12   1081     6741              159            192             203   4427      267   24000
RRab                 5    496   9187   1563     80     2361             4013           1505            2194   2544       52   24000
RRc                  2   1434    601  10702     92      718             6813            958            1719    925       36   24000
SRV               1804   1142     55      9  11568     5795              716           1861            2883   8729     1438   36000
clasCep             28     11     79     29     15    12388             1809            121             111   1184      163   15938
clasOvertoneCep     16     59      2    111      7      361             9117             62              43    294       25   10097
contactBinary        6    965     83    142     65     2789             3872          10755            2913   2325       85   24000
detachedBinary      10    814     36     61     46     2290             3867           4280           10825   1661      110   24000
t2Cep              113     99    161    230     33     1355             1175            738             720   7722      244   12590
t2RVTau             13      3      0      0      7      335               26             11              26    507      938    1866
All              23082  15887  10256  12859  13043    39559            31645          20689           22139  35015     5110  229284
Predicted            Mira     OSARG      RRab       RRc       SRV   clasCep  clasOvertoneCep  contactBinary  detachedBinary     t2Cep   t2RVTau
Actual                                                                                                                                         
Mira             0.640990  0.000833  0.001792  0.000000  0.001361  0.277701         0.007725       0.008583        0.020917  0.373074  0.938907
OSARG            0.001982  0.451833  0.000375  0.000500  0.030028  0.422951         0.015747       0.008000        0.008458  0.351628  0.143087
RRab             0.000152  0.020667  0.382792  0.065125  0.002222  0.148137         0.397445       0.062708        0.091417  0.202065  0.027867
RRc              0.000061  0.059750  0.025042  0.445917  0.002556  0.045050         0.674755       0.039917        0.071625  0.073471  0.019293
SRV              0.055012  0.047583  0.002292  0.000375  0.321333  0.363596         0.070912       0.077542        0.120125  0.693328  0.770632
clasCep          0.000854  0.000458  0.003292  0.001208  0.000417  0.777262         0.179162       0.005042        0.004625  0.094043  0.087353
clasOvertoneCep  0.000488  0.002458  0.000083  0.004625  0.000194  0.022650         0.902941       0.002583        0.001792  0.023352  0.013398
contactBinary    0.000183  0.040208  0.003458  0.005917  0.001806  0.174991         0.383480       0.448125        0.121375  0.184670  0.045552
detachedBinary   0.000305  0.033917  0.001500  0.002542  0.001278  0.143682         0.382985       0.178333        0.451042  0.131930  0.058950
t2Cep            0.003446  0.004125  0.006708  0.009583  0.000917  0.085017         0.116371       0.030750        0.030000  0.613344  0.130761
t2RVTau          0.000396  0.000125  0.000000  0.000000  0.000194  0.021019         0.002575       0.000458        0.001083  0.040270  0.502680
Predicted                Mira  OSARG   RRab    RRc    SRV  clasCep  clasOvertoneCep  contactBinary  detachedBinary  t2Cep  t2RVTau     All
Survey Actual                                                                                                                             
ASASSN Mira             11168      0     19      0      0      179                5             45              12    370      202   12000
       SRV                762    237     13      5    700      708              429           1718            2565   4270      593   12000
       clasCep              0      0      2      0      3     3407              274             56              42    146        9    3939
       clasOvertoneCep      0      0      1      0      0       57             1304             26               2      5        0    1395
       t2Cep                0      0      1      0      1      189               43            176              70   2754       21    3255
       t2RVTau              0      0      0      0      2        2                0              4              13     29      394     444
OGLE   Mira              8703      6      0      0     48        0                0              0               5      7       24    8793
       OSARG                5  10817      7     12   1078        2               19              0              44     14        2   12000
       RRab                 0      5   9187   1563      2      157               24            260              47    746        9   12000
       RRc                  0      6    601  10698      2       22               86            295              50    240        0   12000
       SRV                148    838      3      4  10867       19               20              0              14     70       17   12000
       clasCep              0      2     77     29      0     8757             1176             26               4    530       13   10614
       clasOvertoneCep      0     12      1    111      4      211             7552             31               0     88        0    8010
       contactBinary        0      5     80    138      0       17               26           9951            1574    203        6   12000
       detachedBinary       0     25     34     60     20        2               16           3567            8195     71       10   12000
       t2Cep                1      1    101     63      0       83               49             54               6   2824       10    3192
       t2RVTau              2      0      0      0      3        0                0              0               1      7      509     522
VVV    Mira              1149     14     24      0      1     4247               73            161             485   4320     1526   12000
       OSARG               60     27      2      0      3     6739              140            192             159   4413      265   12000
       RRab                 5    491      0      0     78     2204             3989           1245            2147   1798       43   12000
       RRc                  2   1428      0      4     90      696             6727            663            1669    685       36   12000
       SRV                894     67     39      0      1     5068              267            143             304   4389      828   12000
       clasCep             28      9      0      0     12      224              359             39              65    508      141    1385
       clasOvertoneCep     16     47      0      0      3       93              261              5              41    201       25     692
       contactBinary        6    960      3      4     65     2772             3846            804            1339   2122       79   12000
       detachedBinary      10    789      2      1     26     2288             3851            713            2630   1590      100   12000
       t2Cep              112     98     59    167     32     1083             1083            508             644   2144      213    6143
       t2RVTau             11      3      0      0      2      333               26              7              12    471       35     900
All                     23082  15887  10256  12859  13043    39559            31645          20689           22139  35015     5110  229284
******************************
Predicted         Mira  OSARG   RRab    RRc    SRV  clasCep  clasOvertoneCep  contactBinary  detachedBinary  t2Cep  t2RVTau     All
Actual                                                                                                                             
Mira             21161     27     96      1     78     5557               89            132             558   3358     1736   32793
OSARG              337  10591    504      6   1347     7067              102            204             220   3300      322   24000
RRab                 6    316   9402   1633     47     3523             2811           1637            2092   2491       42   24000
RRc                  3   1038    728  10641     80     1671             5262           1212            2071   1261       33   24000
SRV               1994    879    208      8  11950     6892              755           1991            2154   7459     1710   36000
clasCep             68     13     93     26     10    12950             1675             96              82    850       75   15938
clasOvertoneCep     19     30      6     99      9      604             8983             44              56    237       10   10097
contactBinary        9    692    134    195     51     3319             3080          11075            2749   2605       91   24000
detachedBinary       7    694     78     89     77     3063             3062           4777           10283   1770      100   24000
t2Cep              195    387    177    125    153     2147              950            888             634   6804      130   12590
t2RVTau             32      3      5      0      1      445               18              8              23    395      936    1866
All              23831  14670  11431  12823  13803    47238            26787          22064           20922  30530     5185  229284
Predicted            Mira     OSARG      RRab       RRc       SRV   clasCep  clasOvertoneCep  contactBinary  detachedBinary     t2Cep   t2RVTau
Actual                                                                                                                                         
Mira             0.645290  0.001125  0.004000  0.000042  0.002167  0.348664         0.008814       0.005500        0.023250  0.266720  0.930332
OSARG            0.010277  0.441292  0.021000  0.000250  0.037417  0.443406         0.010102       0.008500        0.009167  0.262113  0.172562
RRab             0.000183  0.013167  0.391750  0.068042  0.001306  0.221044         0.278400       0.068208        0.087167  0.197855  0.022508
RRc              0.000091  0.043250  0.030333  0.443375  0.002222  0.104844         0.521145       0.050500        0.086292  0.100159  0.017685
SRV              0.060806  0.036625  0.008667  0.000333  0.331944  0.432426         0.074775       0.082958        0.089750  0.592454  0.916399
clasCep          0.002074  0.000542  0.003875  0.001083  0.000278  0.812524         0.165891       0.004000        0.003417  0.067514  0.040193
clasOvertoneCep  0.000579  0.001250  0.000250  0.004125  0.000250  0.037897         0.889670       0.001833        0.002333  0.018824  0.005359
contactBinary    0.000274  0.028833  0.005583  0.008125  0.001417  0.208244         0.305041       0.461458        0.114542  0.206910  0.048767
detachedBinary   0.000213  0.028917  0.003250  0.003708  0.002139  0.192182         0.303258       0.199042        0.428458  0.140588  0.053591
t2Cep            0.005946  0.016125  0.007375  0.005208  0.004250  0.134709         0.094087       0.037000        0.026417  0.540429  0.069668
t2RVTau          0.000976  0.000125  0.000208  0.000000  0.000028  0.027921         0.001783       0.000333        0.000958  0.031374  0.501608
Predicted                Mira  OSARG   RRab    RRc    SRV  clasCep  clasOvertoneCep  contactBinary  detachedBinary  t2Cep  t2RVTau     All
Survey Actual                                                                                                                             
ASASSN Mira             11402      0     24      0      0       87                5             58              52    265      107   12000
       SRV                827    172     43      5    882      701              471           1908            1793   4335      863   12000
       clasCep              0      0      7      0      0     3562              185             37              27    114        7    3939
       clasOvertoneCep      0      0      0      5      0      137             1233              8               0     12        0    1395
       t2Cep                0      0     11      0      0      261               47            106              48   2763       19    3255
       t2RVTau              1      0      0      0      0        1                0              2               2     35      403     444
OGLE   Mira              8667     18      2      1     77        1                0              0               1      4       22    8793
       OSARG                3  10566      1      6   1345        2               25              3              24     18        7   12000
       RRab                 0      7   9391   1633      7      176               31            170              33    547        5   12000
       RRc                  0      9    725  10641      6       38              104            246              23    207        1   12000
       SRV                131    653      0      0  11062       17               23              3               7     71       33   12000
       clasCep              0      2     77     26      4     8871             1202             32               3    382       15   10614
       clasOvertoneCep      0      4      5     94      8      323             7478             18               6     74        0    8010
       contactBinary        0      3    123    190      4       32               29          10244            1040    331        4   12000
       detachedBinary       0     32     71     89     28        5               13           4042            7597    116        7   12000
       t2Cep                0      1    134     78      6      131               40             31               7   2748       16    3192
       t2RVTau              3      0      1      0      1        0                0              0               0     25      492     522
VVV    Mira              1092      9     70      0      1     5469               84             74             505   3089     1607   12000
       OSARG              334     25    503      0      2     7065               77            201             196   3282      315   12000
       RRab                 6    309     11      0     40     3347             2780           1467            2059   1944       37   12000
       RRc                  3   1029      3      0     74     1633             5158            966            2048   1054       32   12000
       SRV               1036     54    165      3      6     6174              261             80             354   3053      814   12000
       clasCep             68     11      9      0      6      517              288             27              52    354       53    1385
       clasOvertoneCep     19     26      1      0      1      144              272             18              50    151       10     692
       contactBinary        9    689     11      5     47     3287             3051            831            1709   2274       87   12000
       detachedBinary       7    662      7      0     49     3058             3049            735            2686   1654       93   12000
       t2Cep              195    386     32     47    147     1755              863            751             579   1293       95    6143
       t2RVTau             28      3      4      0      0      444               18              6              21    335       41     900
All                     23831  14670  11431  12823  13803    47238            26787          22064           20922  30530     5185  229284
******************************
