Predicted         Mira  OSARG   RRab    RRc   RRd    SRV  clasCep  clasOvertoneCep  contactBinary  detachedBinary   dsct  t2Cep  t2RVTau     All
Actual                                                                                                                                          
Mira             26550    619     67     10    10   2121      249               20            389             154     89   1292     1223   32793
OSARG              645  20135    171    145     2   2167       16               23            170             254     24    131      117   24000
RRab               193    144  14598   3921   240    157     3042              270           3486            1916     88   7774      171   36000
RRc                106     78   1931  18478   284    104     1057              537           8804            1293    150   3124       54   36000
RRd                  8      0    118    256   619      6      234               23            255              37      4    674        7    2241
SRV               5050   2858    140    161    15  15417      972              506           3714             499    206   5081     1381   36000
clasCep             29      5    122     73     1     29    12989             1026            171              82    122    700       34   15383
clasOvertoneCep     12      5     26    227     1     16      292             8859            119              48    109    143        0    9857
contactBinary      390    149   2263   3053   148    150      311              304          22777            4655    144   1492      164   36000
detachedBinary     196    175   1121   1011    72    125      393              216          11161           20074    177   1107      172   36000
dsct                56     81    229    369    62     25     1066             1866           6874             195   8853   1657       41   21374
t2Cep               79     77    691    444    20     50      279               86            339             169     69   9409      540   12252
t2RVTau             42     36      9      9     0     38       26                0              6               7      3    128     1535    1839
All              33356  24362  21486  28157  1474  20405    20926            13736          58265           29383  10038  32712     5439  299739
Predicted            Mira     OSARG      RRab       RRc       RRd       SRV   clasCep  clasOvertoneCep  contactBinary  detachedBinary      dsct     t2Cep   t2RVTau
Actual                                                                                                                                                             
Mira             0.809624  0.025792  0.001861  0.000278  0.004462  0.058917  0.016187         0.002029       0.010806        0.004278  0.004164  0.105452  0.665035
OSARG            0.019669  0.838958  0.004750  0.004028  0.000892  0.060194  0.001040         0.002333       0.004722        0.007056  0.001123  0.010692  0.063622
RRab             0.005885  0.006000  0.405500  0.108917  0.107095  0.004361  0.197751         0.027392       0.096833        0.053222  0.004117  0.634509  0.092985
RRc              0.003232  0.003250  0.053639  0.513278  0.126729  0.002889  0.068712         0.054479       0.244556        0.035917  0.007018  0.254979  0.029364
RRd              0.000244  0.000000  0.003278  0.007111  0.276216  0.000167  0.015212         0.002333       0.007083        0.001028  0.000187  0.055011  0.003806
SRV              0.153996  0.119083  0.003889  0.004472  0.006693  0.428250  0.063187         0.051334       0.103167        0.013861  0.009638  0.414708  0.750952
clasCep          0.000884  0.000208  0.003389  0.002028  0.000446  0.000806  0.844374         0.104088       0.004750        0.002278  0.005708  0.057134  0.018488
clasOvertoneCep  0.000366  0.000208  0.000722  0.006306  0.000446  0.000444  0.018982         0.898752       0.003306        0.001333  0.005100  0.011672  0.000000
contactBinary    0.011893  0.006208  0.062861  0.084806  0.066042  0.004167  0.020217         0.030841       0.632694        0.129306  0.006737  0.121776  0.089179
detachedBinary   0.005977  0.007292  0.031139  0.028083  0.032129  0.003472  0.025548         0.021913       0.310028        0.557611  0.008281  0.090353  0.093529
dsct             0.001708  0.003375  0.006361  0.010250  0.027666  0.000694  0.069297         0.189307       0.190944        0.005417  0.414195  0.135243  0.022295
t2Cep            0.002409  0.003208  0.019194  0.012333  0.008925  0.001389  0.018137         0.008725       0.009417        0.004694  0.003228  0.767956  0.293638
t2RVTau          0.001281  0.001500  0.000250  0.000250  0.000000  0.001056  0.001690         0.000000       0.000167        0.000194  0.000140  0.010447  0.834693
Predicted                Mira  OSARG   RRab    RRc   RRd    SRV  clasCep  clasOvertoneCep  contactBinary  detachedBinary   dsct  t2Cep  t2RVTau     All
Survey Actual                                                                                                                                          
ASASSN Mira              9648      4      4      0     0     13      164                3            105               5      7   1173      874   12000
       RRab                28     21    367     43    12     26     2780              224           1997              35     37   6344       86   12000
       RRc                 11      9    127     75     2      3      903              403           7668              54     45   2679       21   12000
       RRd                  5      0     39      4     1      0      234               21            225               3      4    666        7    1209
       SRV                665    284     40     66     7    872      401              467           3435             225     16   4760      762   12000
       clasCep              2      0      2      0     0      4     3060               91             69               4      2    116       13    3363
       clasOvertoneCep      0      0      0      0     0      0        9             1145             17               0      0      6        0    1177
       contactBinary       10     11     23     53     3      2      165              252          10515             168     38    739       21   12000
       detachedBinary      49     19     26     19     9     12      122              134           6953            3751     28    767      111   12000
       dsct                18     66    174    250    52      9      950             1771           6812             131    102   1635       30   12000
       t2Cep                2      0      2      0     0      3       57               21            117               1      0   2531       19    2753
       t2RVTau              1      0      0      0     0      0        5                0              3               1      0     16      359     385
OGLE   Mira              8683     21      0      0     0     66        6                0              1               0      0      8        8    8793
       OSARG               10  10594      3     79     1   1146        1               22             73              15     18     34        4   12000
       RRab                11     16   8414   1816    97     28      175               20            402              50     12    951        8   12000
       RRc                  0      5    386  10758    85      9       26               73            358              51      8    240        1   12000
       RRd                  0      0      7     17   485      0        0                0              1               0      0      3        0     513
       SRV                183    690      8     27     1  10911        8                4             25              16      6     77       44   12000
       clasCep             12      2     70     35     1     13     8851              898            100              44      8    563       17   10614
       clasOvertoneCep      0      3     17    120     0      6      160             7450             97              17      6    134        0    8010
       contactBinary        0      6     73    205     4      0       11               21           9510            1960      6    197        7   12000
       detachedBinary       5     23     48    141     3     21        9               19           3255            8368      4     97        7   12000
       dsct                 2      3      1      5     0      0        1                0             39               2   8304      5        2    8364
       t2Cep                7      3     24     23     0      2       55               27             65               5      0   2968       13    3192
       t2RVTau              5      0      0      0     0      0        0                0              0               0      0     10      507     522
VVV    Mira              8219    594     63     10    10   2042       79               17            283             149     82    111      341   12000
       OSARG              635   9541    168     66     1   1021       15                1             97             239      6     97      113   12000
       RRab               154    107   5817   2062   131    103       87               26           1087            1831     39    479       77   12000
       RRc                 95     64   1418   7645   197     92      128               61            778            1188     97    205       32   12000
       RRd                  3      0     72    235   133      6        0                2             29              34      0      5        0     519
       SRV               4202   1884     92     68     7   3634      563               35            254             258    184    244      575   12000
       clasCep             15      3     50     38     0     12     1078               37              2              34    112     21        4    1406
       clasOvertoneCep     12      2      9    107     1     10      123              264              5              31    103      3        0     670
       contactBinary      380    132   2167   2795   141    148      135               31           2752            2527    100    556      136   12000
       detachedBinary     142    133   1047    851    60     92      262               63            953            7955    145    243       54   12000
       dsct                36     12     54    114    10     16      115               95             23              62    447     17        9    1010
       t2Cep               70     74    665    421    20     45      167               38            157             163     69   3910      508    6307
       t2RVTau             36     36      9      9     0     38       21                0              3               6      3    102      669     932
All                     33356  24362  21486  28157  1474  20405    20926            13736          58265           29383  10038  32712     5439  299739
******************************
Predicted         Mira  OSARG   RRab    RRc   RRd    SRV  clasCep  clasOvertoneCep  contactBinary  detachedBinary  dsct  t2Cep  t2RVTau     All
Actual                                                                                                                                         
Mira             25979    718     73     19     1   1872      289               15            382             142    98   1219     1986   32793
OSARG              588  20154    160     79     2   2131       40               42            175             328    24    104      173   24000
RRab               185    177  15485   2954   303    123     4637              301           2750            2321   112   6472      180   36000
RRc                135    106   2886  16874   514     59     1710              641           7426            1608   147   3800       94   36000
RRd                  7      6    119    247   601      4      405               20            204              43     9    562       14    2241
SRV               4753   2891    135     94    12  14632     1317              607           3944             369   193   4837     2216   36000
clasCep             35     11    153     55     0     28    13106              901            146              63   103    736       46   15383
clasOvertoneCep      9      6     33    215     7      4      795             8421            104              51    78    134        0    9857
contactBinary      381    186   2438   2646   135     99      535              380          21891            5334   150   1617      208   36000
detachedBinary     228    195    825    665    44    114      601              336          11949           19790   228    812      213   36000
dsct                49     47    220    170    36     34     1608             2156           6500             153  8704   1647       50   21374
t2Cep               58    105    824    413    16     33      487               64            340             211    69   9037      595   12252
t2RVTau             36     71      6     11     0     20       31                0              8               6     9    130     1511    1839
All              32443  24673  23357  24442  1671  19153    25561            13884          55819           30419  9924  31107     7286  299739
Predicted            Mira     OSARG      RRab       RRc       RRd       SRV   clasCep  clasOvertoneCep  contactBinary  detachedBinary      dsct     t2Cep   t2RVTau
Actual                                                                                                                                                             
Mira             0.792212  0.029917  0.002028  0.000528  0.000446  0.052000  0.018787         0.001522       0.010611        0.003944  0.004585  0.099494  1.079935
OSARG            0.017931  0.839750  0.004444  0.002194  0.000892  0.059194  0.002600         0.004261       0.004861        0.009111  0.001123  0.008488  0.094073
RRab             0.005641  0.007375  0.430139  0.082056  0.135207  0.003417  0.301437         0.030537       0.076389        0.064472  0.005240  0.528240  0.097879
RRc              0.004117  0.004417  0.080167  0.468722  0.229362  0.001639  0.111162         0.065030       0.206278        0.044667  0.006878  0.310153  0.051115
RRd              0.000213  0.000250  0.003306  0.006861  0.268184  0.000111  0.026328         0.002029       0.005667        0.001194  0.000421  0.045870  0.007613
SRV              0.144939  0.120458  0.003750  0.002611  0.005355  0.406444  0.085614         0.061581       0.109556        0.010250  0.009030  0.394793  1.205003
clasCep          0.001067  0.000458  0.004250  0.001528  0.000000  0.000778  0.851979         0.091407       0.004056        0.001750  0.004819  0.060072  0.025014
clasOvertoneCep  0.000274  0.000250  0.000917  0.005972  0.003124  0.000111  0.051680         0.854317       0.002889        0.001417  0.003649  0.010937  0.000000
contactBinary    0.011618  0.007750  0.067722  0.073500  0.060241  0.002750  0.034779         0.038551       0.608083        0.148167  0.007018  0.131978  0.113105
detachedBinary   0.006953  0.008125  0.022917  0.018472  0.019634  0.003167  0.039069         0.034087       0.331917        0.549722  0.010667  0.066275  0.115824
dsct             0.001494  0.001958  0.006111  0.004722  0.016064  0.000944  0.104531         0.218728       0.180556        0.004250  0.407224  0.134427  0.027189
t2Cep            0.001769  0.004375  0.022889  0.011472  0.007140  0.000917  0.031658         0.006493       0.009444        0.005861  0.003228  0.737594  0.323545
t2RVTau          0.001098  0.002958  0.000167  0.000306  0.000000  0.000556  0.002015         0.000000       0.000222        0.000167  0.000421  0.010611  0.821642
Predicted                Mira  OSARG   RRab    RRc   RRd    SRV  clasCep  clasOvertoneCep  contactBinary  detachedBinary  dsct  t2Cep  t2RVTau     All
Survey Actual                                                                                                                                         
ASASSN Mira              9163      4      4      0     0     14      140                5             93               5    14   1126     1432   12000
       RRab                17     23    420     17    19     22     4291              246           1401              16    21   5434       73   12000
       RRc                 14     14    186     25     3      4     1493              487           6289              45    17   3400       23   12000
       RRd                  1      1     44      0     0      2      403               20            173               2     4    549       10    1209
       SRV                441     93     15     15     1    575      612              550           3691             143    19   4558     1287   12000
       clasCep              4      0      2      0     0      1     3028              122             56               5     0    130       15    3363
       clasOvertoneCep      0      0      0      0     0      0      109             1050             10               0     0      8        0    1177
       contactBinary       13      5     32     21     3      3      310              318          10221             148    26    880       20   12000
       detachedBinary      79     21     24      5     0     15      235              247           7953            2641    56    586      138   12000
       dsct                29     26    158     74    36      5     1384             2077           6445              80    24   1626       36   12000
       t2Cep                2      2      5      0     0      0      146               19            136               3     0   2418       22    2753
       t2RVTau              0      0      0      0     0      0        4                0              1               0     0     19      361     385
OGLE   Mira              8677      5      6      0     0     79        4                0              0               0     0      3       19    8793
       OSARG               16  10474      3     40     1   1294        1               41             81              14    13     19        3   12000
       RRab                 8     32   9374   1201   145     29      230               27            300              39     1    595       19   12000
       RRc                  0      5   1215   9649   249      2       37               83            465              97     4    192        2   12000
       RRd                  0      0      7     16   485      0        0                0              2               0     0      3        0     513
       SRV                178    681      7     18     4  10929       16               19             22               7     4     76       39   12000
       clasCep             11      6    107     26     0     24     8965              762             80              13    16    581       23   10614
       clasOvertoneCep      0      1     24    122     5      2      478             7144             86              22     8    118        0    8010
       contactBinary        3      9    154    139     4      4       29               33           9023            2383     0    217        2   12000
       detachedBinary      11     23    129     88     1     29       12               12           2960            8624     7     96        8   12000
       dsct                 0      3      2      2     0      0        3                4             20               3  8325      2        0    8364
       t2Cep                3      6     93     29     3      2       72               19             59               4     2   2871       29    3192
       t2RVTau              3      3      0      0     0      0        0                0              0               0     0     20      496     522
VVV    Mira              8139    709     63     19     1   1779      145               10            289             137    84     90      535   12000
       OSARG              572   9680    157     39     1    837       39                1             94             314    11     85      170   12000
       RRab               160    122   5691   1736   139     72      116               28           1049            2266    90    443       88   12000
       RRc                121     87   1485   7200   262     53      180               71            672            1466   126    208       69   12000
       RRd                  6      5     68    231   116      2        2                0             29              41     5     10        4     519
       SRV               4134   2117    113     61     7   3128      689               38            231             219   170    203      890   12000
       clasCep             20      5     44     29     0      3     1113               17             10              45    87     25        8    1406
       clasOvertoneCep      9      5      9     93     2      2      208              227              8              29    70      8        0     670
       contactBinary      365    172   2252   2486   128     92      196               29           2647            2803   124    520      186   12000
       detachedBinary     138    151    672    572    43     70      354               77           1036            8525   165    130       67   12000
       dsct                20     18     60     94     0     29      221               75             35              70   355     19       14    1010
       t2Cep               53     97    726    384    13     31      269               26            145             204    67   3748      544    6307
       t2RVTau             33     68      6     11     0     20       27                0              7               6     9     91      654     932
All                     32443  24673  23357  24442  1671  19153    25561            13884          55819           30419  9924  31107     7286  299739
******************************
Predicted         Mira  OSARG   RRab    RRc   RRd    SRV  clasCep  clasOvertoneCep  contactBinary  detachedBinary  dsct  t2Cep  t2RVTau     All
Actual                                                                                                                                         
Mira             26584    536     70     15     3   1745      453               33            304              78   113   1053     1806   32793
OSARG              734  19492    178     88     2   2810       46               51            165             245    22     98       69   24000
RRab               238    132  16249   2855   299    163     4092              263           2786            1951   101   6753      118   36000
RRc                168     55   2839  17228   416     65     1578              529           7559            1390   149   3983       41   36000
RRd                  5     10    138    220   627      3      316               19            236              38     7    615        7    2241
SRV               5464   2137    168    123    35  15167     1180              619           3325             288   254   5907     1333   36000
clasCep             24      5    147     49     8     44    13370              786            128              46    96    649       31   15383
clasOvertoneCep      7      1     33    202     7     11      518             8753             40              49    72    159        5    9857
contactBinary      545    137   2629   2683   101    112      501              286          21939            4969   131   1826      141   36000
detachedBinary     233    143   1010    753    48    127      564              223          12037           19529   167    962      204   36000
dsct                56     23    237    203   122     24     1514             2040           6612             140  8681   1673       49   21374
t2Cep               83     68    829    351    28     57      356               86            228             182    54   9355      575   12252
t2RVTau             45     51      4      6     1     31       29                0             11               3     7    139     1512    1839
All              34186  22790  24531  24776  1697  20359    24517            13688          55370           28908  9854  33172     5891  299739
Predicted            Mira     OSARG      RRab       RRc       RRd       SRV   clasCep  clasOvertoneCep  contactBinary  detachedBinary      dsct     t2Cep   t2RVTau
Actual                                                                                                                                                             
Mira             0.810661  0.022333  0.001944  0.000417  0.001339  0.048472  0.029448         0.003348       0.008444        0.002167  0.005287  0.085945  0.982055
OSARG            0.022383  0.812167  0.004944  0.002444  0.000892  0.078056  0.002990         0.005174       0.004583        0.006806  0.001029  0.007999  0.037520
RRab             0.007258  0.005500  0.451361  0.079306  0.133423  0.004528  0.266008         0.026682       0.077389        0.054194  0.004725  0.551175  0.064165
RRc              0.005123  0.002292  0.078861  0.478556  0.185631  0.001806  0.102581         0.053667       0.209972        0.038611  0.006971  0.325090  0.022295
RRd              0.000152  0.000417  0.003833  0.006111  0.279786  0.000083  0.020542         0.001928       0.006556        0.001056  0.000328  0.050196  0.003806
SRV              0.166621  0.089042  0.004667  0.003417  0.015618  0.421306  0.076708         0.062798       0.092361        0.008000  0.011884  0.482125  0.724850
clasCep          0.000732  0.000208  0.004083  0.001361  0.003570  0.001222  0.869141         0.079740       0.003556        0.001278  0.004491  0.052971  0.016857
clasOvertoneCep  0.000213  0.000042  0.000917  0.005611  0.003124  0.000306  0.033674         0.887998       0.001111        0.001361  0.003369  0.012977  0.002719
contactBinary    0.016619  0.005708  0.073028  0.074528  0.045069  0.003111  0.032568         0.029015       0.609417        0.138028  0.006129  0.149037  0.076672
detachedBinary   0.007105  0.005958  0.028056  0.020917  0.021419  0.003528  0.036664         0.022624       0.334361        0.542472  0.007813  0.078518  0.110930
dsct             0.001708  0.000958  0.006583  0.005639  0.054440  0.000667  0.098420         0.206960       0.183667        0.003889  0.406148  0.136549  0.026645
t2Cep            0.002531  0.002833  0.023028  0.009750  0.012494  0.001583  0.023142         0.008725       0.006333        0.005056  0.002526  0.763549  0.312670
t2RVTau          0.001372  0.002125  0.000111  0.000167  0.000446  0.000861  0.001885         0.000000       0.000306        0.000083  0.000328  0.011345  0.822186
Predicted                Mira  OSARG   RRab    RRc   RRd    SRV  clasCep  clasOvertoneCep  contactBinary  detachedBinary  dsct  t2Cep  t2RVTau     All
Survey Actual                                                                                                                                         
ASASSN Mira              8997      2      9      0     0     10      300                2             67               4     3    949     1657   12000
       RRab                19     17    521     21    24     43     3791              215           1543              26    18   5709       53   12000
       RRc                 14      5    175     33     2      4     1396              378           6469              45    21   3446       12   12000
       RRd                  0      1     61      1     1      0      316               18            195               3     3    603        7    1209
       SRV                505     46     56     35    31    429      590              451           3105             137    12   5602     1001   12000
       clasCep              2      0      3      0     0      1     3085               95             60               1     0    109        7    3363
       clasOvertoneCep      0      0      0      0     0      0       48             1115              4               0     0     10        0    1177
       contactBinary       12      6     40     19     1      0      262              238          10227             147    20    992       36   12000
       detachedBinary      56      7     23     21     5      9      235              147           8398            2351    17    594      137   12000
       dsct                26      9    183     99   115      7     1336             1895           6552              73    16   1645       44   12000
       t2Cep                6      2      3      2     1      2       79               14             90               0     0   2537       17    2753
       t2RVTau              0      0      0      0     0      1        0                0              4               0     0     23      357     385
OGLE   Mira              8685      2      6      3     0     59        5                0              0               0     2     12       19    8793
       OSARG                5  10155      1     35     1   1621        8               48             62              19    20     24        1   12000
       RRab                 3      8   9505   1217   147     24      197               24            237              64     4    559       11   12000
       RRc                  0      3    937  10101   186      0       27               75            309              93    12    257        0   12000
       RRd                  0      0     15      2   494      0        0                0              0               0     0      2        0     513
       SRV                224    378      4     23     1  11182       17               11              8              10    13    104       25   12000
       clasCep             14      2    101     26     8     21     9189              636             53               8    13    523       20   10614
       clasOvertoneCep      1      0     22    103     7      3      333             7338             32              17     6    146        2    8010
       contactBinary        5      4    121    162     6      0       38               16           8792            2549     8    293        6   12000
       detachedBinary       7     14    120    107     2     25       22                7           2606            8926    13    142        9   12000
       dsct                 1      0      4      0     0      0        2                2             25               9  8316      5        0    8364
       t2Cep                4      0     71     33     1      7       64               19             18               3     0   2952       20    3192
       t2RVTau              3      0      0      0     0      1        0                0              0               0     0     16      502     522
VVV    Mira              8902    532     55     12     3   1676      148               31            237              74   108     92      130   12000
       OSARG              729   9337    177     53     1   1189       38                3            103             226     2     74       68   12000
       RRab               216    107   6223   1617   128     96      104               24           1006            1861    79    485       54   12000
       RRc                154     47   1727   7094   228     61      155               76            781            1252   116    280       29   12000
       RRd                  5      9     62    217   132      3        0                1             41              35     4     10        0     519
       SRV               4735   1713    108     65     3   3556      573              157            212             141   229    201      307   12000
       clasCep              8      3     43     23     0     22     1096               55             15              37    83     17        4    1406
       clasOvertoneCep      6      1     11     99     0      8      137              300              4              32    66      3        3     670
       contactBinary      528    127   2468   2502    94    112      201               32           2920            2273   103    541       99   12000
       detachedBinary     170    122    867    625    41     93      307               69           1033            8252   137    226       58   12000
       dsct                29     14     50    104     7     17      176              143             35              58   349     23        5    1010
       t2Cep               73     66    755    316    26     48      213               53            120             179    54   3866      538    6307
       t2RVTau             42     51      4      6     1     29       29                0              7               3     7    100      653     932
All                     34186  22790  24531  24776  1697  20359    24517            13688          55370           28908  9854  33172     5891  299739
******************************
Predicted         Mira  OSARG   RRab    RRc   RRd    SRV  clasCep  clasOvertoneCep  contactBinary  detachedBinary   dsct  t2Cep  t2RVTau     All
Actual                                                                                                                                          
Mira             25377    461     48      3     5   1914      354               33            346              94    114    856     3188   32793
OSARG              668  19783    184     94     4   2434       32               30            171             253     48    143      156   24000
RRab               190    157  14546   3733   281    131     3122              375           3645            1944    175   7516      185   36000
RRc                103     68   1996  18350   305     63     1274              633           8260            1216    195   3460       77   36000
RRd                  3      8    118    280   607      5      236               28            281              34     16    609       16    2241
SRV               4822   2471    143    114    15  15071     1378              587           3359             259    214   5797     1770   36000
clasCep             25     12    111     52     0     20    13155             1014            112              44    112    678       48   15383
clasOvertoneCep     12      4     29    227     6     12      511             8730             61              35    111    118        1    9857
contactBinary      422    146   2232   2965    95    123      456              435          22836            4132    216   1786      156   36000
detachedBinary     171    147    875    912    54    131      500              291          13142           18428    277    893      179   36000
dsct                43    100    149    219    71     18     1051             2082           6890             164   8862   1682       43   21374
t2Cep               45     85    672    420    12     36      319               87            279             154     91   9470      582   12252
t2RVTau             25     41      4      9     0     30       19                0              7               4      3    160     1537    1839
All              31906  23483  21107  27378  1455  19988    22407            14325          59389           26761  10434  33168     7938  299739
Predicted            Mira     OSARG      RRab       RRc       RRd       SRV   clasCep  clasOvertoneCep  contactBinary  detachedBinary      dsct     t2Cep   t2RVTau
Actual                                                                                                                                                             
Mira             0.773854  0.019208  0.001333  0.000083  0.002231  0.053167  0.023012         0.003348       0.009611        0.002611  0.005334  0.069866  1.733551
OSARG            0.020370  0.824292  0.005111  0.002611  0.001785  0.067611  0.002080         0.003044       0.004750        0.007028  0.002246  0.011672  0.084829
RRab             0.005794  0.006542  0.404056  0.103694  0.125390  0.003639  0.202951         0.038044       0.101250        0.054000  0.008188  0.613451  0.100598
RRc              0.003141  0.002833  0.055444  0.509722  0.136100  0.001750  0.082819         0.064218       0.229444        0.033778  0.009123  0.282403  0.041871
RRd              0.000091  0.000333  0.003278  0.007778  0.270861  0.000139  0.015342         0.002841       0.007806        0.000944  0.000749  0.049706  0.008700
SRV              0.147044  0.102958  0.003972  0.003167  0.006693  0.418639  0.089579         0.059552       0.093306        0.007194  0.010012  0.473147  0.962480
clasCep          0.000762  0.000500  0.003083  0.001444  0.000000  0.000556  0.855165         0.102871       0.003111        0.001222  0.005240  0.055338  0.026101
clasOvertoneCep  0.000366  0.000167  0.000806  0.006306  0.002677  0.000333  0.033218         0.885665       0.001694        0.000972  0.005193  0.009631  0.000544
contactBinary    0.012869  0.006083  0.062000  0.082361  0.042392  0.003417  0.029643         0.044131       0.634333        0.114778  0.010106  0.145772  0.084829
detachedBinary   0.005215  0.006125  0.024306  0.025333  0.024096  0.003639  0.032503         0.029522       0.365056        0.511889  0.012960  0.072886  0.097336
dsct             0.001311  0.004167  0.004139  0.006083  0.031682  0.000500  0.068322         0.211220       0.191389        0.004556  0.414616  0.137284  0.023382
t2Cep            0.001372  0.003542  0.018667  0.011667  0.005355  0.001000  0.020737         0.008826       0.007750        0.004278  0.004258  0.772935  0.316476
t2RVTau          0.000762  0.001708  0.000111  0.000250  0.000000  0.000833  0.001235         0.000000       0.000194        0.000111  0.000140  0.013059  0.835780
Predicted                Mira  OSARG   RRab    RRc   RRd    SRV  clasCep  clasOvertoneCep  contactBinary  detachedBinary   dsct  t2Cep  t2RVTau     All
Survey Actual                                                                                                                                          
ASASSN Mira              8023      7      7      0     0     51      230               27            102               2      9    764     2778   12000
       RRab                12     21    338     16    11     32     2845              305           2169              12     54   6105       80   12000
       RRc                  7      6    103     45     0     11     1112              489           7186              30     38   2955       18   12000
       RRd                  0      3     61      4     0      1      236               28            253               7      7    598       11    1209
       SRV                358    131     23     33     8    503      701              531           3121              91     21   5489      990   12000
       clasCep              2      0      3      0     0      2     3002              163             43               0      0    137       11    3363
       clasOvertoneCep      0      0      0      0     0      0       40             1122             10               0      0      5        0    1177
       contactBinary        6      5     28     38     2      6      256              381          10245              59     36    923       15   12000
       detachedBinary      36     14     22     20    11      7      188              230           8571            2184     50    557      110   12000
       dsct                12     82    100    132    60      4      876             2025           6838             119     69   1653       30   12000
       t2Cep                0      0      1      0     0      0      118               23             94               0      5   2499       13    2753
       t2RVTau              0      0      0      0     0      0        1                0              2               0      0     29      353     385
OGLE   Mira              8654      6      7      0     0     82        4                0              0               4      0     11       25    8793
       OSARG                3  10469      5     47     1   1258        4               30             80              17     32     48        6   12000
       RRab                 4     20   8454   1972   136     13      155               37            304              51     14    826       14   12000
       RRc                  0      6    444  10767   109      2       29               78            293              46      6    220        0   12000
       RRd                  0      0      8     20   484      0        0                0              1               0      0      0        0     513
       SRV                192    680     12     26     1  10913       12               12             15              11      5     98       23   12000
       clasCep              9      7     66     26     0     14     9038              813             59              15     16    526       25   10614
       clasOvertoneCep      1      0     19    136     6     11      315             7350             44               8     13    107        0    8010
       contactBinary        0     13    114    258     2      2       35               26           9574            1723      7    245        1   12000
       detachedBinary       4     20     90    161     5     21       17               16           3444            8080      6    128        8   12000
       dsct                 0      0      3      2     3      0        5                4             20               0   8323      4        0    8364
       t2Cep                3      2     51     35     0      2       52               22             33               0      0   2972       20    3192
       t2RVTau              0      3      0      0     0      3        0                0              0               0      0     15      501     522
VVV    Mira              8700    448     34      3     5   1781      120                6            244              88    105     81      385   12000
       OSARG              665   9314    179     47     3   1176       28                0             91             236     16     95      150   12000
       RRab               174    116   5754   1745   134     86      122               33           1172            1881    107    585       91   12000
       RRc                 96     56   1449   7538   196     50      133               66            781            1140    151    285       59   12000
       RRd                  3      5     49    256   123      4        0                0             27              27      9     11        5     519
       SRV               4272   1660    108     55     6   3655      665               44            223             157    188    210      757   12000
       clasCep             14      5     42     26     0      4     1115               38             10              29     96     15       12    1406
       clasOvertoneCep     11      4     10     91     0      1      156              258              7              27     98      6        1     670
       contactBinary      416    128   2090   2669    91    115      165               28           3017            2350    173    618      140   12000
       detachedBinary     131    113    763    731    38    103      295               45           1127            8164    221    208       61   12000
       dsct                31     18     46     85     8     14      170               53             32              45    470     25       13    1010
       t2Cep               42     83    620    385    12     34      149               42            152             154     86   3999      549    6307
       t2RVTau             25     38      4      9     0     27       18                0              5               4      3    116      683     932
All                     31906  23483  21107  27378  1455  19988    22407            14325          59389           26761  10434  33168     7938  299739
******************************
Predicted         Mira  OSARG   RRab    RRc   RRd    SRV  clasCep  clasOvertoneCep  contactBinary  detachedBinary   dsct  t2Cep  t2RVTau     All
Actual                                                                                                                                          
Mira             27853    624     58      7     0   1778      246               10            300             148    140    558     1071   32793
OSARG              692  20075    164    106     4   2185       31               25            158             297     39    104      120   24000
RRab               280    255  14991   3671   335    152     3453              397           2852            2202    182   7102      128   36000
RRc                165    111   2177  18223   513     78     1591              659           7227            1425    207   3569       55   36000
RRd                 31     10    161    258   591      6      264               32            199              45     23    610       11    2241
SRV               5510   2848    130    184    16  15122     1151              714           3306             395    215   5032     1377   36000
clasCep             57     13    151     84    13     31    12846             1062            185              73    103    723       42   15383
clasOvertoneCep      9      8     51    253    16      9      430             8720            107              51     76    127        0    9857
contactBinary      518    192   2504   3204   119    173      468              466          21362            4927    237   1641      189   36000
detachedBinary     254    199    935   1016    80    140      447              337          12030           19308    226    890      138   36000
dsct                82     78    309    343    77     27     1248             2350           6418             187   8802   1419       34   21374
t2Cep               95    138    893    460    16     70      434               93            317             249    107   8741      639   12252
t2RVTau             49     72     10     14     0     32       20                0              3              12      6    144     1477    1839
All              35595  24623  22534  27823  1780  19803    22629            14865          54464           29319  10363  30660     5281  299739
Predicted            Mira     OSARG      RRab       RRc       RRd       SRV   clasCep  clasOvertoneCep  contactBinary  detachedBinary      dsct     t2Cep   t2RVTau
Actual                                                                                                                                                             
Mira             0.849358  0.026000  0.001611  0.000194  0.000000  0.049389  0.015992         0.001015       0.008333        0.004111  0.006550  0.045544  0.582382
OSARG            0.021102  0.836458  0.004556  0.002944  0.001785  0.060694  0.002015         0.002536       0.004389        0.008250  0.001825  0.008488  0.065253
RRab             0.008538  0.010625  0.416417  0.101972  0.149487  0.004222  0.224469         0.040276       0.079222        0.061167  0.008515  0.579660  0.069603
RRc              0.005032  0.004625  0.060472  0.506194  0.228916  0.002167  0.103426         0.066856       0.200750        0.039583  0.009685  0.291299  0.029908
RRd              0.000945  0.000417  0.004472  0.007167  0.263722  0.000167  0.017162         0.003246       0.005528        0.001250  0.001076  0.049788  0.005982
SRV              0.168024  0.118667  0.003611  0.005111  0.007140  0.420056  0.074823         0.072436       0.091833        0.010972  0.010059  0.410708  0.748777
clasCep          0.001738  0.000542  0.004194  0.002333  0.005801  0.000861  0.835078         0.107741       0.005139        0.002028  0.004819  0.059011  0.022838
clasOvertoneCep  0.000274  0.000333  0.001417  0.007028  0.007140  0.000250  0.027953         0.884651       0.002972        0.001417  0.003556  0.010366  0.000000
contactBinary    0.015796  0.008000  0.069556  0.089000  0.053101  0.004806  0.030423         0.047276       0.593389        0.136861  0.011088  0.133937  0.102773
detachedBinary   0.007746  0.008292  0.025972  0.028222  0.035698  0.003889  0.029058         0.034189       0.334167        0.536333  0.010574  0.072641  0.075041
dsct             0.002501  0.003250  0.008583  0.009528  0.034360  0.000750  0.081129         0.238409       0.178278        0.005194  0.411809  0.115818  0.018488
t2Cep            0.002897  0.005750  0.024806  0.012778  0.007140  0.001944  0.028213         0.009435       0.008806        0.006917  0.005006  0.713435  0.347471
t2RVTau          0.001494  0.003000  0.000278  0.000389  0.000000  0.000889  0.001300         0.000000       0.000083        0.000333  0.000281  0.011753  0.803154
Predicted                Mira  OSARG   RRab    RRc   RRd    SRV  clasCep  clasOvertoneCep  contactBinary  detachedBinary   dsct  t2Cep  t2RVTau     All
Survey Actual                                                                                                                                          
ASASSN Mira             10483      0      6      0     0     11       98                7            102              32     70    459      732   12000
       RRab                79    105    519     35    44     40     3183              337           1513              20     66   6016       43   12000
       RRc                 36     37    320     81     9      5     1438              501           6184              55     55   3265       14   12000
       RRd                 23      4     79      0     5      4      260               32            176               4     14    603        5    1209
       SRV                770    143     30     70    11    932      541              686           3106             182     38   4744      747   12000
       clasCep              8      0      2      0     0      5     3037               99             60               0      0    144        8    3363
       clasOvertoneCep      0      0      2      0     1      0       34             1108             19               0      0     13        0    1177
       contactBinary       22     15     54     75     3      4      249              391           9949             159     64    983       32   12000
       detachedBinary      81     13     30     29     4      5      136              247           7941            2815     41    595       63   12000
       dsct                41     58    243    253    76      5     1036             2234           6359             128    152   1397       18   12000
       t2Cep                1      0      8      0     0      0      120               14            122               5      0   2450       33    2753
       t2RVTau              3      0      0      0     0      1        2                0              1               0      0     34      344     385
OGLE   Mira              8642     25      2      2     0     93        8                0              0               1      1      7       12    8793
       OSARG                5  10623      5     43     3   1134        3               24             67              30     31     28        4   12000
       RRab                 7     20   8922   1581   177     17      156               22            328              60     18    672       20   12000
       RRc                  0      4    650  10361   304      8       27               63            319              80     12    171        1   12000
       RRd                  0      0      8     13   485      0        2                0              3               0      0      2        0     513
       SRV                139    839      8     38     1  10800       15                8             10              24      4     90       24   12000
       clasCep             20      4     99     56    10     10     8724              918            109              42     30    562       30   10614
       clasOvertoneCep      0      2     41    152    13      0      225             7366             76              20      8    107        0    8010
       contactBinary        4     12    146    222     5      0       25               27           9156            2137     26    230       10   12000
       detachedBinary       7     41    121    147     4     29       10               10           3210            8264     24    126        7   12000
       dsct                 1      1      3      0     0      0        6                7             24               2   8318      2        0    8364
       t2Cep               11      8     78     43     0      1      101               29             40               8      1   2809       63    3192
       t2RVTau              1      6      0      1     0      0        0                0              0               0      0     26      488     522
VVV    Mira              8728    599     50      5     0   1674      140                3            198             115     69     92      327   12000
       OSARG              687   9452    159     63     1   1051       28                1             91             267      8     76      116   12000
       RRab               194    130   5550   2055   114     95      114               38           1011            2122     98    414       65   12000
       RRc                129     70   1207   7781   200     65      126               95            724            1290    140    133       40   12000
       RRd                  8      6     74    245   101      2        2                0             20              41      9      5        6     519
       SRV               4601   1866     92     76     4   3390      595               20            190             189    173    198      606   12000
       clasCep             29      9     50     28     3     16     1085               45             16              31     73     17        4    1406
       clasOvertoneCep      9      6      8    101     2      9      171              246             12              31     68      7        0     670
       contactBinary      492    165   2304   2907   111    169      194               48           2257            2631    147    428      147   12000
       detachedBinary     166    145    784    840    72    106      301               80            879            8229    161    169       68   12000
       dsct                40     19     63     90     1     22      206              109             35              57    332     20       16    1010
       t2Cep               83    130    807    417    16     69      213               50            155             236    106   3482      543    6307
       t2RVTau             45     66     10     13     0     31       18                0              2              12      6     84      645     932
All                     35595  24623  22534  27823  1780  19803    22629            14865          54464           29319  10363  30660     5281  299739
******************************
