Predicted         Mira  OSARG   RRab    RRc   RRd    SRV  clasCep  clasOvertoneCep  contactBinary  detachedBinary   dsct  t2Cep  t2RVTau     All
Actual                                                                                                                                          
Mira             26326    667     51     16     8   2206      261               23            452              97     93    870     1723   32793
OSARG              584  20093    149     83     2   2324       24               39            223             257     25     90      107   24000
RRab               190    188  15029   3125   326    196     4225              570           4012            2015    142   5797      185   36000
RRc                121     94   2624  16753   553     91     1973              967           8068            1431    257   2951      117   36000
RRd                 10      3    143    223   617      6      312               44            262              48     18    471       18    2175
SRV               4860   2769    144    144    13  15443     1274              916           3408             418    169   4379     2063   36000
clasCep             34     11    132     77     7     25    12732             1195            166              57    102    818       55   15411
clasOvertoneCep     13      9     27    200    12     11      465             8670            101              39    111    185        0    9843
contactBinary      346    171   1939   2289   136    162      501              513          23549            4740    224   1227      203   36000
detachedBinary     232    197    766    614    71    147      561              315          10962           21003    247    699      186   36000
dsct                69     84    291    365    66     32     1467             2835           5858             235   8868   1185       35   21390
t2Cep               46    100    792    427    12     63      425               86            572             213     76   8733      648   12193
t2RVTau             26     87      2     10     0     34       22                4             20               6     12     78     1536    1837
All              32857  24473  22089  24326  1823  20740    24242            16177          57653           30559  10344  27483     6876  299642
Predicted            Mira     OSARG      RRab       RRc       RRd       SRV   clasCep  clasOvertoneCep  contactBinary  detachedBinary      dsct     t2Cep   t2RVTau
Actual                                                                                                                                                             
Mira             0.802793  0.027792  0.001417  0.000444  0.003678  0.061278  0.016936         0.002337       0.012556        0.002694  0.004348  0.071352  0.937942
OSARG            0.017809  0.837208  0.004139  0.002306  0.000920  0.064556  0.001557         0.003962       0.006194        0.007139  0.001169  0.007381  0.058247
RRab             0.005794  0.007833  0.417472  0.086806  0.149885  0.005444  0.274155         0.057909       0.111444        0.055972  0.006639  0.475437  0.100708
RRc              0.003690  0.003917  0.072889  0.465361  0.254253  0.002528  0.128025         0.098242       0.224111        0.039750  0.012015  0.242024  0.063691
RRd              0.000305  0.000125  0.003972  0.006194  0.283678  0.000167  0.020245         0.004470       0.007278        0.001333  0.000842  0.038629  0.009799
SRV              0.148202  0.115375  0.004000  0.004000  0.005977  0.428972  0.082668         0.093061       0.094667        0.011611  0.007901  0.359140  1.123027
clasCep          0.001037  0.000458  0.003667  0.002139  0.003218  0.000694  0.826163         0.121406       0.004611        0.001583  0.004769  0.067088  0.029940
clasOvertoneCep  0.000396  0.000375  0.000750  0.005556  0.005517  0.000306  0.030173         0.880829       0.002806        0.001083  0.005189  0.015173  0.000000
contactBinary    0.010551  0.007125  0.053861  0.063583  0.062529  0.004500  0.032509         0.052118       0.654139        0.131667  0.010472  0.100632  0.110506
detachedBinary   0.007075  0.008208  0.021278  0.017056  0.032644  0.004083  0.036403         0.032002       0.304500        0.583417  0.011547  0.057328  0.101252
dsct             0.002104  0.003500  0.008083  0.010139  0.030345  0.000889  0.095192         0.288022       0.162722        0.006528  0.414586  0.097187  0.019053
t2Cep            0.001403  0.004167  0.022000  0.011861  0.005517  0.001750  0.027578         0.008737       0.015889        0.005917  0.003553  0.716231  0.352749
t2RVTau          0.000793  0.003625  0.000056  0.000278  0.000000  0.000944  0.001428         0.000406       0.000556        0.000167  0.000561  0.006397  0.836146
Predicted                Mira  OSARG   RRab    RRc   RRd    SRV  clasCep  clasOvertoneCep  contactBinary  detachedBinary   dsct  t2Cep  t2RVTau     All
Survey Actual                                                                                                                                          
ASASSN Mira              9610      7     20      0     0      4      148                3            152               2     12    772     1270   12000
       RRab                63     40    756     40    31     48     3895              488           1623              29     25   4864       98   12000
       RRc                 18     14    352     70     4     11     1812              776           6215              73     34   2590       31   12000
       RRd                  6      0     81      6     2      6      312               40            204               5      3    468       15    1148
       SRV                719    173     40     29     8    878      620              810           3110             237     22   4138     1216   12000
       clasCep              3      0      3      0     0      2     3027              151             50               0      1    102       20    3359
       clasOvertoneCep      0      0      2      0     0      0       37             1132             11               0      0      0        0    1182
       contactBinary       22      4     55     68     5      5      300              462          10092             210     42    700       35   12000
       detachedBinary      84     16     20     14     5     18      228              268           6402            4333     41    477       94   12000
       dsct                40     56    255    262    60     10     1299             2755           5783             177    115   1161       27   12000
       t2Cep                2      0      3      3     0      5      146               22            169               9      2   2373       34    2768
       t2RVTau              1      0      0      0     0      0        3                3              0               0      0      7      363     377
OGLE   Mira              8652      4      1      2     0     89        3                0              0               0      1      7       34    8793
       OSARG                8  10433      4     43     1   1329        2               39             66              24     17     33        1   12000
       RRab                 7     29   8918   1468   157     21      238               34            411              45      5    649       18   12000
       RRc                  0     15    875  10056   267      4       38              107            400              49      4    182        3   12000
       RRd                  0      0     11      1   498      0        0                0              3               0      0      0        0     513
       SRV                172    553     15     26     3  11007        7                8             27              11     12     85       74   12000
       clasCep              6      3     81     31     5     12     8611             1006             98              17     18    693       33   10614
       clasOvertoneCep      0      2     21    118    11      7      265             7297             80              15     12    182        0    8010
       contactBinary        4      7    152    146     6      0       18               27           9521            1916     10    189        4   12000
       detachedBinary       8     26     75     77     3     27       17                7           3432            8211      7     89       21   12000
       dsct                 0      2      3      2     0      0        5                7             26               0   8314      4        1    8364
       t2Cep                4      5     85     22     0      8       63               25             50               0      3   2893       34    3192
       t2RVTau              0      0      0      0     0      2        0                0              1               0      0      9      510     522
VVV    Mira              8064    656     30     14     8   2113      110               20            300              95     80     91      419   12000
       OSARG              576   9660    145     40     1    995       22                0            157             233      8     57      106   12000
       RRab               120    119   5355   1617   138    127       92               48           1978            1941    112    284       69   12000
       RRc                103     65   1397   6627   282     76      123               84           1453            1309    219    179       83   12000
       RRd                  4      3     51    216   117      0        0                4             55              43     15      3        3     514
       SRV               3969   2043     89     89     2   3558      647               98            271             170    135    156      773   12000
       clasCep             25      8     48     46     2     11     1094               38             18              40     83     23        2    1438
       clasOvertoneCep     13      7      4     82     1      4      163              241             10              24     99      3        0     651
       contactBinary      320    160   1732   2075   125    157      183               24           3936            2614    172    338      164   12000
       detachedBinary     140    155    671    523    63    102      316               40           1128            8459    199    133       71   12000
       dsct                29     26     33    101     6     22      163               73             49              58    439     20        7    1026
       t2Cep               40     95    704    402    12     50      216               39            353             204     71   3467      580    6233
       t2RVTau             25     87      2     10     0     32       19                1             19               6     12     62      663     938
All                     32857  24473  22089  24326  1823  20740    24242            16177          57653           30559  10344  27483     6876  299642
******************************
Predicted         Mira  OSARG   RRab    RRc   RRd    SRV  clasCep  clasOvertoneCep  contactBinary  detachedBinary  dsct  t2Cep  t2RVTau     All
Actual                                                                                                                                         
Mira             28066    382    206     30    12   1710      346               21            117              34    79    605     1185   32793
OSARG              858  19656    189     97     3   2491       29               60            141             190    26    147      113   24000
RRab               367    172  15179   3713   385    348     4768              338           2191            1558   149   6670      162   36000
RRc                234     81   3042  16876  1062     80     2479             1019           4401            1081   143   5400      102   36000
RRd                  9      3    143    265   569     20      400               38             92              27    21    575       13    2175
SRV               6464   2437    125    211    31  14785     1399              879           2496             255   114   5167     1637   36000
clasCep             36     11    166     81     9     33    12862             1253             86              50    59    727       38   15411
clasOvertoneCep     13      5     37    241    18     12     1028             8217             53              28    47    144        0    9843
contactBinary      709    185   2370   3306   230    204      797              852          20455            3027   226   3434      205   36000
detachedBinary     365    203   1111   1318   145    167      666              474          11653           17981   162   1542      213   36000
dsct                74     78    270    474    49     53     1740             2783           4517             150  8714   2435       53   21390
t2Cep               82    106    918    556    32     91      623              140            255             144    67   8595      584   12193
t2RVTau             52     95      5     12     1     81       36                2              6               1     5    102     1439    1837
All              37329  23414  23761  27180  2546  20075    27173            16076          46463           24526  9812  35543     5744  299642
Predicted            Mira     OSARG      RRab       RRc       RRd       SRV   clasCep  clasOvertoneCep  contactBinary  detachedBinary      dsct     t2Cep   t2RVTau
Actual                                                                                                                                                             
Mira             0.855853  0.015917  0.005722  0.000833  0.005517  0.047500  0.022451         0.002133       0.003250        0.000944  0.003693  0.049619  0.645073
OSARG            0.026164  0.819000  0.005250  0.002694  0.001379  0.069194  0.001882         0.006096       0.003917        0.005278  0.001216  0.012056  0.061513
RRab             0.011191  0.007167  0.421639  0.103139  0.177011  0.009667  0.309389         0.034339       0.060861        0.043278  0.006966  0.547035  0.088187
RRc              0.007136  0.003375  0.084500  0.468778  0.488276  0.002222  0.160859         0.103525       0.122250        0.030028  0.006685  0.442877  0.055525
RRd              0.000274  0.000125  0.003972  0.007361  0.261609  0.000556  0.025955         0.003861       0.002556        0.000750  0.000982  0.047158  0.007077
SRV              0.197115  0.101542  0.003472  0.005861  0.014253  0.410694  0.090779         0.089302       0.069333        0.007083  0.005330  0.423768  0.891127
clasCep          0.001098  0.000458  0.004611  0.002250  0.004138  0.000917  0.834599         0.127299       0.002389        0.001389  0.002758  0.059624  0.020686
clasOvertoneCep  0.000396  0.000208  0.001028  0.006694  0.008276  0.000333  0.066706         0.834806       0.001472        0.000778  0.002197  0.011810  0.000000
contactBinary    0.021620  0.007708  0.065833  0.091833  0.105747  0.005667  0.051716         0.086559       0.568194        0.084083  0.010566  0.281637  0.111595
detachedBinary   0.011130  0.008458  0.030861  0.036611  0.066667  0.004639  0.043216         0.048156       0.323694        0.499472  0.007574  0.126466  0.115950
dsct             0.002257  0.003250  0.007500  0.013167  0.022529  0.001472  0.112906         0.282739       0.125472        0.004167  0.407387  0.199705  0.028851
t2Cep            0.002501  0.004417  0.025500  0.015444  0.014713  0.002528  0.040426         0.014223       0.007083        0.004000  0.003132  0.704913  0.317910
t2RVTau          0.001586  0.003958  0.000139  0.000333  0.000460  0.002250  0.002336         0.000203       0.000167        0.000028  0.000234  0.008365  0.783342
Predicted                Mira  OSARG   RRab    RRc   RRd    SRV  clasCep  clasOvertoneCep  contactBinary  detachedBinary  dsct  t2Cep  t2RVTau     All
Survey Actual                                                                                                                                         
ASASSN Mira             10106      1    177      0     0     21      179                5             27               2    12    547      923   12000
       RRab                99     48    783     50    11    203     4431              250            569              22    17   5443       74   12000
       RRc                 40     30    449     86    14     18     2260              737           3325              38    27   4952       24   12000
       RRd                  2      2     65      3     0     18      397               27             61               5     2    558        8    1148
       SRV                923    130     66     71    13    759      675              754           2341             176    26   4957     1109   12000
       clasCep              9      2     10      0     0      2     2928              190             36               1     1    165       15    3359
       clasOvertoneCep      0      0      2      0     0      0      263              895              3               0     0     19        0    1182
       contactBinary       34     21    103    155     6     14      523              726           8039             112    45   2179       43   12000
       detachedBinary      91     25     27     46    20     16      198              347           5970            4016    24   1091      129   12000
       dsct                41     50    225    367    35     19     1463             2648           4480              90   159   2379       44   12000
       t2Cep                2      3      8      0     0      9      228               37             95              11     1   2343       31    2768
       t2RVTau              0      0      0      0     0      0        2                0              0               0     0     23      352     377
OGLE   Mira              8662      8      6      2     1     79        9                0              0               0     0      7       19    8793
       OSARG                8  10746      3     52     3    981        4               59             74              16    21     31        2   12000
       RRab                 5     20   9176   1576   146     29      169               25            153              15     6    665       15   12000
       RRc                  0      2   1338   9459   626      0       46               83            214              31     2    198        1   12000
       RRd                  0      0     31     20   454      0        0                3              3               0     0      2        0     513
       SRV                234    898      7     30     6  10636       22               10             22              14    14     76       31   12000
       clasCep              5      3    116     28     4     14     8784             1025             40              14    11    551       19   10614
       clasOvertoneCep      0      0     32    154    18      4      524             7107             43               9     2    117        0    8010
       contactBinary        5     15    438    407    11      1       43               41           9273            1125    20    615        6   12000
       detachedBinary      11     31    234    249     9     27       21               18           4291            6862    13    219       15   12000
       dsct                 0      1      3      5     0      2       13               15             12               1  8301     11        0    8364
       t2Cep                4      8    261     65     0      5      134               42             33               7     2   2575       56    3192
       t2RVTau              4      0      0      0     0      1        2                0              0               0     0     19      496     522
VVV    Mira              9298    373     23     28    11   1610      158               16             90              32    67     51      243   12000
       OSARG              850   8910    186     45     0   1510       25                1             67             174     5    116      111   12000
       RRab               263    104   5220   2087   228    116      168               63           1469            1521   126    562       73   12000
       RRc                194     49   1255   7331   422     62      173              199            862            1012   114    250       77   12000
       RRd                  7      1     47    242   115      2        3                8             28              22    19     15        5     514
       SRV               5307   1409     52    110    12   3390      702              115            133              65    74    134      497   12000
       clasCep             22      6     40     53     5     17     1150               38             10              35    47     11        4    1438
       clasOvertoneCep     13      5      3     87     0      8      241              215              7              19    45      8        0     651
       contactBinary      670    149   1829   2744   213    189      231               85           3143            1790   161    640      156   12000
       detachedBinary     263    147    850   1023   116    124      447              109           1392            7103   125    232       69   12000
       dsct                33     27     42    102    14     32      264              120             25              59   254     45        9    1026
       t2Cep               76     95    649    491    32     77      261               61            127             126    64   3677      497    6233
       t2RVTau             48     95      5     12     1     80       32                2              6               1     5     60      591     938
All                     37329  23414  23761  27180  2546  20075    27173            16076          46463           24526  9812  35543     5744  299642
******************************
Predicted         Mira  OSARG   RRab    RRc   RRd    SRV  clasCep  clasOvertoneCep  contactBinary  detachedBinary   dsct  t2Cep  t2RVTau     All
Actual                                                                                                                                          
Mira             25872    785     46      7    10   2034      400                8            452             117    106    926     2030   32793
OSARG              529  19947    208     96     3   2303       31               39            196             269     38    114      227   24000
RRab               149    226  16003   3322   338    266     3759              301           2825            1650     93   6822      246   36000
RRc                112     91   2822  17383   520     60     1581              730           6479            1271    169   4676      106   36000
RRd                 12     10    177    231   620     12      296               17            194              40      4    544       18    2175
SRV               4609   2894    150    217    13  15401     1233              537           2946             501    240   5288     1971   36000
clasCep             54      6    188     83     6     28    12664             1149            148              62    107    857       59   15411
clasOvertoneCep     13      8     49    253    11      8      584             8494            116              36     95    176        0    9843
contactBinary      298    170   2823   2649   172     97      449              424          22546            3709    163   2212      288   36000
detachedBinary     197    198   1323    971    90    123      498              248          10861           19894    235   1113      249   36000
dsct                61     86    375    543    75     27     1348             2347           5361             218   8802   2097       50   21390
t2Cep               63     86    947    438    20     78      431               85            400             199     59   8732      655   12193
t2RVTau             43     66     14      8     0     42       21                0             20               5      6     86     1526    1837
All              32012  24573  25125  26201  1878  20479    23295            14379          52544           27971  10117  33643     7425  299642
Predicted            Mira     OSARG      RRab       RRc       RRd       SRV   clasCep  clasOvertoneCep  contactBinary  detachedBinary      dsct     t2Cep   t2RVTau
Actual                                                                                                                                                             
Mira             0.788949  0.032708  0.001278  0.000194  0.004598  0.056500  0.025955         0.000813       0.012556        0.003250  0.004956  0.075945  1.105063
OSARG            0.016131  0.831125  0.005778  0.002667  0.001379  0.063972  0.002012         0.003962       0.005444        0.007472  0.001777  0.009350  0.123571
RRab             0.004544  0.009417  0.444528  0.092278  0.155402  0.007389  0.243917         0.030580       0.078472        0.045833  0.004348  0.559501  0.133914
RRc              0.003415  0.003792  0.078389  0.482861  0.239080  0.001667  0.102589         0.074164       0.179972        0.035306  0.007901  0.383499  0.057703
RRd              0.000366  0.000417  0.004917  0.006417  0.285057  0.000333  0.019207         0.001727       0.005389        0.001111  0.000187  0.044616  0.009799
SRV              0.140548  0.120583  0.004167  0.006028  0.005977  0.427806  0.080008         0.054557       0.081833        0.013917  0.011220  0.433691  1.072945
clasCep          0.001647  0.000250  0.005222  0.002306  0.002759  0.000778  0.821751         0.116733       0.004111        0.001722  0.005002  0.070286  0.032118
clasOvertoneCep  0.000396  0.000333  0.001361  0.007028  0.005057  0.000222  0.037895         0.862948       0.003222        0.001000  0.004441  0.014435  0.000000
contactBinary    0.009087  0.007083  0.078417  0.073583  0.079080  0.002694  0.029135         0.043076       0.626278        0.103028  0.007620  0.181416  0.156777
detachedBinary   0.006007  0.008250  0.036750  0.026972  0.041379  0.003417  0.032315         0.025196       0.301694        0.552611  0.010986  0.091282  0.135547
dsct             0.001860  0.003583  0.010417  0.015083  0.034483  0.000750  0.087470         0.238444       0.148917        0.006056  0.411501  0.171984  0.027218
t2Cep            0.001921  0.003583  0.026306  0.012167  0.009195  0.002167  0.027967         0.008636       0.011111        0.005528  0.002758  0.716149  0.356560
t2RVTau          0.001311  0.002750  0.000389  0.000222  0.000000  0.001167  0.001363         0.000000       0.000556        0.000139  0.000281  0.007053  0.830702
Predicted                Mira  OSARG   RRab    RRc   RRd    SRV  clasCep  clasOvertoneCep  contactBinary  detachedBinary   dsct  t2Cep  t2RVTau     All
Survey Actual                                                                                                                                          
ASASSN Mira              9233      7     11      0     0     68      297                5            102              17     13    835     1412   12000
       RRab                23     80    863     37    37    138     3506              265           1142              23     23   5727      136   12000
       RRc                  5     20    331    135    12     15     1411              582           5140              72     25   4217       35   12000
       RRd                  6      7     99      1     4     12      296               17            141               7      2    541       15    1148
       SRV                630    163     49    109     6   1053      578              494           2555             324     40   5048      951   12000
       clasCep              0      0      7      1     0      0     2910              179             48               1      8    190       15    3359
       clasOvertoneCep      0      0      0      0     0      0       47             1115             11               0      0      9        0    1182
       contactBinary        8     20     82    139     2      5      268              380           9319             228     34   1466       49   12000
       detachedBinary      36     31     58     56     5     16      150              193           5837            4645     37    812      124   12000
       dsct                26     70    311    421    68     13     1157             2270           5305             156    112   2056       35   12000
       t2Cep                2      0      5      2     0      3      121               20             94               5      4   2476       36    2768
       t2RVTau              0      0      0      0     0      0        2                0              5               0      0     14      356     377
OGLE   Mira              8630     15      6      2     0     98        3                0              0               5      0      3       31    8793
       OSARG               10  10493      6     56     2   1247        9               39             61              21     27     29        0   12000
       RRab                24     31   8974   1618   169     28      162               18            236              22      9    684       25   12000
       RRc                  1     13    738  10412   151      0       27               86            269              23      9    270        1   12000
       RRd                  0      0      6     18   486      0        0                0              1               0      0      2        0     513
       SRV                142    598      8     41     4  11057       10               12             19              12     13     64       20   12000
       clasCep             30      1    120     36     2     21     8637              947             87              26     22    653       32   10614
       clasOvertoneCep      1      6     38    156    10      3      353             7170             94              11     14    154        0    8010
       contactBinary        9     12    178    218    11      0       26               20           9896            1366      7    248        9   12000
       detachedBinary       8     28    136    135     7     24       12                9           3767            7738      9    113       14   12000
       dsct                 0      5      3      6     0      2        6                6             19               3   8306      8        0    8364
       t2Cep                5      5     65     46     0      4      102               28             71               3      2   2800       61    3192
       t2RVTau              7      0      2      0     0      0        0                0              1               0      0     14      498     522
VVV    Mira              8009    763     29      5    10   1868      100                3            350              95     93     88      587   12000
       OSARG              519   9454    202     40     1   1056       22                0            135             248     11     85      227   12000
       RRab               102    115   6166   1667   132    100       91               18           1447            1605     61    411       85   12000
       RRc                106     58   1753   6836   357     45      143               62           1070            1176    135    189       70   12000
       RRd                  6      3     72    212   130      0        0                0             52              33      2      1        3     514
       SRV               3837   2133     93     67     3   3291      645               31            372             165    187    176     1000   12000
       clasCep             24      5     61     46     4      7     1117               23             13              35     77     14       12    1438
       clasOvertoneCep     12      2     11     97     1      5      184              209             11              25     81     13        0     651
       contactBinary      281    138   2563   2292   159     92      155               24           3331            2115    122    498      230   12000
       detachedBinary     153    139   1129    780    78     83      336               46           1257            7511    189    188      111   12000
       dsct                35     11     61    116     7     12      185               71             37              59    384     33       15    1026
       t2Cep               56     81    877    390    20     71      208               37            235             191     53   3456      558    6233
       t2RVTau             36     66     12      8     0     42       19                0             14               5      6     58      672     938
All                     32012  24573  25125  26201  1878  20479    23295            14379          52544           27971  10117  33643     7425  299642
******************************
Predicted         Mira  OSARG   RRab    RRc   RRd    SRV  clasCep  clasOvertoneCep  contactBinary  detachedBinary  dsct  t2Cep  t2RVTau     All
Actual                                                                                                                                         
Mira             23869    521     49     28    12   2170      329                7            350              73    72   1324     3989   32793
OSARG              595  19864    231    122     3   2369       34               37            198             266    30    107      144   24000
RRab               172    148  15029   3496   598    158     3969              459           2358            1735   132   7485      261   36000
RRc                 98     55   2728  16701  1334     48     2031             1122           5830            1232   173   4514      134   36000
RRd                  3      5     99    241   585      5      313               38            152              47    12    662       13    2175
SRV               4590   2651    126    187    33  14762     1336              762           3222             236   173   5627     2295   36000
clasCep             33     11    182     89    18     30    12642             1409             80              71    92    685       69   15411
clasOvertoneCep      9      6     52    238    36     11      671             8526             55              47    80    110        2    9843
contactBinary      337    143   2833   3038   193    165      692              721          21967            2976   188   2495      252   36000
detachedBinary     155    181   1169    968   130    166      592              527          13085           17162   253   1254      358   36000
dsct                41     68    210    403    96     18     1483             2525           5869             175  8627   1810       65   21390
t2Cep               46     98   1172    536    35     85      593              143            298             215    87   8120      765   12193
t2RVTau             35     92     18     10     0     43       34                0              8               6    13     76     1502    1837
All              29983  23843  23898  26057  3073  20030    24719            16276          53472           24241  9932  34269     9849  299642
Predicted            Mira     OSARG      RRab       RRc       RRd       SRV   clasCep  clasOvertoneCep  contactBinary  detachedBinary      dsct     t2Cep   t2RVTau
Actual                                                                                                                                                             
Mira             0.727869  0.021708  0.001361  0.000778  0.005517  0.060278  0.021348         0.000711       0.009722        0.002028  0.003366  0.108587  2.171475
OSARG            0.018144  0.827667  0.006417  0.003389  0.001379  0.065806  0.002206         0.003759       0.005500        0.007389  0.001403  0.008776  0.078389
RRab             0.005245  0.006167  0.417472  0.097111  0.274943  0.004389  0.257543         0.046632       0.065500        0.048194  0.006171  0.613877  0.142079
RRc              0.002988  0.002292  0.075778  0.463917  0.613333  0.001333  0.131789         0.113990       0.161944        0.034222  0.008088  0.370212  0.072945
RRd              0.000091  0.000208  0.002750  0.006694  0.268966  0.000139  0.020310         0.003861       0.004222        0.001306  0.000561  0.054293  0.007077
SRV              0.139969  0.110458  0.003500  0.005194  0.015172  0.410056  0.086691         0.077415       0.089500        0.006556  0.008088  0.461494  1.249320
clasCep          0.001006  0.000458  0.005056  0.002472  0.008276  0.000833  0.820323         0.143147       0.002222        0.001972  0.004301  0.056180  0.037561
clasOvertoneCep  0.000274  0.000250  0.001444  0.006611  0.016552  0.000306  0.043540         0.866199       0.001528        0.001306  0.003740  0.009022  0.001089
contactBinary    0.010277  0.005958  0.078694  0.084389  0.088736  0.004583  0.044903         0.073250       0.610194        0.082667  0.008789  0.204626  0.137180
detachedBinary   0.004727  0.007542  0.032472  0.026889  0.059770  0.004611  0.038414         0.053541       0.363472        0.476722  0.011828  0.102846  0.194883
dsct             0.001250  0.002833  0.005833  0.011194  0.044138  0.000500  0.096230         0.256527       0.163028        0.004861  0.403319  0.148446  0.035384
t2Cep            0.001403  0.004083  0.032556  0.014889  0.016092  0.002361  0.038479         0.014528       0.008278        0.005972  0.004067  0.665956  0.416440
t2RVTau          0.001067  0.003833  0.000500  0.000278  0.000000  0.001194  0.002206         0.000000       0.000222        0.000167  0.000608  0.006233  0.817637
Predicted                Mira  OSARG   RRab    RRc   RRd    SRV  clasCep  clasOvertoneCep  contactBinary  detachedBinary  dsct  t2Cep  t2RVTau     All
Survey Actual                                                                                                                                         
ASASSN Mira              7126      1      6      0     0     17      175                4             59               3     2   1243     3364   12000
       RRab                30     35    277     27    19     33     3646              387            927              10     3   6469      137   12000
       RRc                  1      4    222     58    16      4     1850              902           4696              21    12   4170       44   12000
       RRd                  3      5     19      1     0      4      310               38            103               0     0    655       10    1148
       SRV                296     97     25     60    17    465      614              713           2928             106    18   5371     1290   12000
       clasCep              0      0      5      0     0      2     2942              202             32               1     4    152       19    3359
       clasOvertoneCep      0      0      0      0     0      0       99             1079              2               0     0      2        0    1182
       contactBinary        4      1     56     86     4      5      400              639           9010              44    11   1699       41   12000
       detachedBinary      26     27     23     31     5     12      213              445           7512            2547    19    888      252   12000
       dsct                11     44    132    270    82      2     1239             2407           5813             115    72   1772       41   12000
       t2Cep                0      0      6      0     0      4      196               45            101               0     3   2376       37    2768
       t2RVTau              0      0      0      0     0      0        5                0              1               2     2     23      344     377
OGLE   Mira              8554     30      8      7     0    105       10                0              0               0     0     24       55    8793
       OSARG                2  10539      2     70     2   1176        5               37            104              16    14     31        2   12000
       RRab                 9     18   8810   1658   341      7      220               30            187              26     5    657       32   12000
       RRc                  0      5    820   9745   833      2       32              106            266              15     4    172        0   12000
       RRd                  0      0      7     20   483      0        0                0              1               0     0      2        0     513
       SRV                180    682     12     44     5  10859       19               16             24              15     6     91       47   12000
       clasCep              6      6    127     35    16     12     8573             1172             36              37    36    516       42   10614
       clasOvertoneCep      0      1     36    140    35      3      372             7211             50              27    28    107        0    8010
       contactBinary        1      1    292    415    23      1       59               42          10026             719     6    409        6   12000
       detachedBinary       6     24    216    245    13     24       20               25           4449            6735     2    217       24   12000
       dsct                 0      1     11      5     7      2       13               16             22               0  8275     12        0    8364
       t2Cep                0      3    241     72     0     18      142               60             32              16     1   2532       75    3192
       t2RVTau              3      0      2      0     0      3        0                0              1               0     0      9      504     522
VVV    Mira              8189    490     35     21    12   2048      144                3            291              70    70     57      570   12000
       OSARG              593   9325    229     52     1   1193       29                0             94             250    16     76      142   12000
       RRab               133     95   5942   1811   238    118      103               42           1244            1699   124    359       92   12000
       RRc                 97     46   1686   6898   485     42      149              114            868            1196   157    172       90   12000
       RRd                  0      0     73    220   102      1        3                0             48              47    12      5        3     514
       SRV               4114   1872     89     83    11   3438      703               33            270             115   149    165      958   12000
       clasCep             27      5     50     54     2     16     1127               35             12              33    52     17        8    1438
       clasOvertoneCep      9      5     16     98     1      8      200              236              3              20    52      1        2     651
       contactBinary      332    141   2485   2537   166    159      233               40           2931            2213   171    387      205   12000
       detachedBinary     123    130    930    692   112    130      359               57           1124            7880   232    149       82   12000
       dsct                30     23     67    128     7     14      231              102             34              60   280     26       24    1026
       t2Cep               46     95    925    464    35     63      255               38            165             199    83   3212      653    6233
       t2RVTau             32     92     16     10     0     40       29                0              6               4    11     44      654     938
All                     29983  23843  23898  26057  3073  20030    24719            16276          53472           24241  9932  34269     9849  299642
******************************
Predicted         Mira  OSARG   RRab    RRc   RRd    SRV  clasCep  clasOvertoneCep  contactBinary  detachedBinary   dsct  t2Cep  t2RVTau     All
Actual                                                                                                                                          
Mira             25654    504     28     12    10   2428      377               13            336             104    127    687     2513   32793
OSARG              629  19971    188     96     1   2341       19               42            164             245     33    116      155   24000
RRab               172    164  14919   3197   448    205     3907              411           3512            1820    266   6719      260   36000
RRc                120     97   2495  17024   654     67     1794              964           7690            1337    238   3405      115   36000
RRd                  0      3     88    217   657      8      285               29            240              41     30    556       21    2175
SRV               4794   2633    117    142    16  15585     1196              746           3353             431    287   4438     2262   36000
clasCep             27     11    131     81    18     30    12724             1335            127              62    114    691       60   15411
clasOvertoneCep     15      5     27    187    28      9      586             8646             86              36     92    126        0    9843
contactBinary      346    205   2268   2434   206    160      408              494          22338            5105    279   1514      243   36000
detachedBinary     184    210    905    888    92    164      421              314          11530           19957    291    810      234   36000
dsct                64     77    223    305    73     22     1196             2654           6378             203   8777   1348       70   21390
t2Cep               59     94    858    471    38     48      416              112            367             204     75   8746      705   12193
t2RVTau             25     64      7      9     1     15       31                0             10               5      1     72     1597    1837
All              32089  24038  22254  25063  2242  21082    23360            15760          56131           29550  10610  29228     8235  299642
Predicted            Mira     OSARG      RRab       RRc       RRd       SRV   clasCep  clasOvertoneCep  contactBinary  detachedBinary      dsct     t2Cep   t2RVTau
Actual                                                                                                                                                             
Mira             0.782301  0.021000  0.000778  0.000333  0.004598  0.067444  0.024463         0.001321       0.009333        0.002889  0.005937  0.056344  1.367991
OSARG            0.019181  0.832125  0.005222  0.002667  0.000460  0.065028  0.001233         0.004267       0.004556        0.006806  0.001543  0.009514  0.084377
RRab             0.005245  0.006833  0.414417  0.088806  0.205977  0.005694  0.253520         0.041756       0.097556        0.050556  0.012436  0.551054  0.141535
RRc              0.003659  0.004042  0.069306  0.472889  0.300690  0.001861  0.116410         0.097938       0.213611        0.037139  0.011127  0.279259  0.062602
RRd              0.000000  0.000125  0.002444  0.006028  0.302069  0.000222  0.018493         0.002946       0.006667        0.001139  0.001403  0.045600  0.011432
SRV              0.146190  0.109708  0.003250  0.003944  0.007356  0.432917  0.077607         0.075790       0.093139        0.011972  0.013417  0.363979  1.231355
clasCep          0.000823  0.000458  0.003639  0.002250  0.008276  0.000833  0.825644         0.135629       0.003528        0.001722  0.005330  0.056672  0.032662
clasOvertoneCep  0.000457  0.000208  0.000750  0.005194  0.012874  0.000250  0.038025         0.878391       0.002389        0.001000  0.004301  0.010334  0.000000
contactBinary    0.010551  0.008542  0.063000  0.067611  0.094713  0.004444  0.026475         0.050188       0.620500        0.141806  0.013043  0.124170  0.132281
detachedBinary   0.005611  0.008750  0.025139  0.024667  0.042299  0.004556  0.027318         0.031901       0.320278        0.554361  0.013604  0.066432  0.127382
dsct             0.001952  0.003208  0.006194  0.008472  0.033563  0.000611  0.077607         0.269633       0.177167        0.005639  0.410332  0.110555  0.038106
t2Cep            0.001799  0.003917  0.023833  0.013083  0.017471  0.001333  0.026994         0.011379       0.010194        0.005667  0.003506  0.717297  0.383778
t2RVTau          0.000762  0.002667  0.000194  0.000250  0.000460  0.000417  0.002012         0.000000       0.000278        0.000139  0.000047  0.005905  0.869352
Predicted                Mira  OSARG   RRab    RRc   RRd    SRV  clasCep  clasOvertoneCep  contactBinary  detachedBinary   dsct  t2Cep  t2RVTau     All
Survey Actual                                                                                                                                          
ASASSN Mira              8938     10      4      0     0     43      252               11             92               5     25    610     2010   12000
       RRab                47     42    420     27    33     74     3575              345           1700              22    116   5450      149   12000
       RRc                 10     19    150     54     4     13     1601              738           6301              50     96   2924       40   12000
       RRd                  0      0     43      2     5      8      285               26            184               4     22    553       16    1148
       SRV                626    210     44     52     3    983      508              696           3037             289     24   4162     1366   12000
       clasCep              1      3      4      0     0      0     2936              200             56               3      0    144       12    3359
       clasOvertoneCep      0      0      0      0     0      0       29             1136             17               0      0      0        0    1182
       contactBinary       16     12     27     34     3      8      203              430          10163             183    106    787       28   12000
       detachedBinary      49     20     23     34     1     19      110              254           7310            3470     56    513      141   12000
       dsct                19     52    168    204    57     12     1025             2572           6290             139    101   1309       52   12000
       t2Cep                2      0      0      0     0      0      133               31            156              10      0   2409       27    2768
       t2RVTau              0      0      0      0     0      0        7                0              0               0      0     12      358     377
OGLE   Mira              8633      4      1      5     0    112        5                0              0               0      0      1       32    8793
       OSARG               19  10615      3     48     1   1124        4               42             64              21     26     31        2   12000
       RRab                 7     17   8833   1383   184     23      245               32            372              55      4    825       20   12000
       RRc                  0      9    859   9993   293      2       36              117            358              55      5    273        0   12000
       RRd                  0      0      9      8   495      0        0                0              1               0      0      0        0     513
       SRV                152    675      8     36     8  10932       24               18             14              10      5     70       48   12000
       clasCep             10      2     83     33    10     15     8673             1104             65              21     29    527       42   10614
       clasOvertoneCep      0      0     23     96    21      0      390             7267             61              15     22    115        0    8010
       contactBinary        2     13    109    184     2      3       28               23           8685            2728     10    210        3   12000
       detachedBinary       6     54     95     98     4     31        7                8           2885            8677     13    105       17   12000
       dsct                 0      0      0      1     0      2        2                4             54               9   8282     10        0    8364
       t2Cep                3      1     59     47     0      6       98               35             51              13      5   2835       39    3192
       t2RVTau              0      1      2      1     0      0        0                0              0               0      0      6      512     522
VVV    Mira              8083    490     23      7    10   2273      120                2            244              99    102     76      471   12000
       OSARG              610   9356    185     48     0   1217       15                0            100             224      7     85      153   12000
       RRab               118    105   5666   1787   231    108       87               34           1440            1743    146    444       91   12000
       RRc                110     69   1486   6977   357     52      157              109           1031            1232    137    208       75   12000
       RRd                  0      3     36    207   157      0        0                3             55              37      8      3        5     514
       SRV               4016   1748     65     54     5   3670      664               32            302             132    258    206      848   12000
       clasCep             16      6     44     48     8     15     1115               31              6              38     85     20        6    1438
       clasOvertoneCep     15      5      4     91     7      9      167              243              8              21     70     11        0     651
       contactBinary      328    180   2132   2216   201    149      177               41           3490            2194    163    517      212   12000
       detachedBinary     129    136    787    756    87    114      304               52           1335            7810    222    192       76   12000
       dsct                45     25     55    100    16      8      169               78             34              55    394     29       18    1026
       t2Cep               54     93    799    424    38     42      185               46            160             181     70   3502      639    6233
       t2RVTau             25     63      5      8     1     15       24                0             10               5      1     54      727     938
All                     32089  24038  22254  25063  2242  21082    23360            15760          56131           29550  10610  29228     8235  299642
******************************
